,Birth,Death,Dimension
0,0.02322027744645483,0.03863295387762811,0
1,0.035050170730088426,0.042204080045967096,0
2,0.006915520817120324,0.04816847119070122,0
3,0.011309370814775788,0.05117816477926085,0
4,0.03394441348262711,0.05479829407220471,0
5,0.03887309270168082,0.05771187073990869,0
6,0.030370666972009963,0.058805936694872996,0
7,0.04957568370323129,0.07615780546238815,0
8,0.04177088131515827,0.07655438634598377,0
9,0.015726286331278816,0.07692816650505374,0
10,0.07709889802416958,0.08102631934137361,0
11,0.07074375252304965,0.08114008925129024,0
12,0.04108156451522138,0.08166673453832207,0
13,0.015451018144593487,0.08237305362011238,0
14,0.03169922250467905,0.0826756404708694,0
15,0.0823805864050724,0.08424907940776616,0
16,0.07417496067723128,0.09001990077563216,0
17,0.0641821355950053,0.09161469947723166,0
18,0.09174045628875438,0.09580952597175663,0
19,0.09205232579881917,0.09982606780079861,0
20,0.00798414243030876,0.10215102118723918,0
21,0.046871782028209075,0.10454759050044515,0
22,0.021759119867644006,0.10535432428982994,0
23,0.011364403596740291,0.10589299639050065,0
24,0.08478345679509547,0.1075862150402418,0
25,0.10695230975476755,0.1079168917163198,0
26,0.09662448346098218,0.10857546961822961,0
27,0.10408130336508148,0.10864979118793672,0
28,0.10867110620679477,0.10896034715852376,0
29,0.10657253874104311,0.11089395193950558,0
30,0.05205919127846015,0.11206595548626141,0
31,0.08853134784107053,0.11353987278383715,0
32,0.027426539847699605,0.11600560248639313,0
33,0.10819289910762186,0.11777415341188424,0
34,0.08159843309172854,0.11862838650909369,0
35,0.08466151446667192,0.12330394475436468,0
36,0.03621556286457395,0.12493231779707492,0
37,0.0143498066039216,0.12747719988136208,0
38,0.04994913680612645,0.12791762058502787,0
39,0.10528245287811488,0.1286540832302281,0
40,0.03437665439694637,0.12974886806079333,0
41,0.06669143352570794,0.13344066569383117,0
42,0.12905583683824318,0.13418765432553048,0
43,0.1223081462945016,0.1353614487544479,0
44,0.06144230503778403,0.13629181286092784,0
45,0.049188266875675346,0.138142035901326,0
46,0.006481213362889093,0.1400349436741679,0
47,0.03183157230016176,0.14047007993143934,0
48,0.10544472776014557,0.14101096346874487,0
49,0.06001392602522371,0.14101096346874487,0
50,0.11100624771939094,0.14126792943003652,0
51,0.1389826468857681,0.14430360792590835,0
52,0.13257198261344694,0.14547843679394912,0
53,0.055269264495660386,0.1460816925099776,0
54,0.03185373899076016,0.14699772803748368,0
55,0.11868527683934171,0.1479952672336461,0
56,0.03617627402474066,0.1507433659663323,0
57,0.03154346774879513,0.15088827900192836,0
58,0.01275104930911164,0.15093750595463273,0
59,0.0703275803044523,0.15336558472101847,0
60,0.05385454071382234,0.15336558472101847,0
61,0.0615030816085379,0.15398672112238587,0
62,0.07222577263594909,0.15533895852713886,0
63,0.06358242734567054,0.15569004582453927,0
64,0.050760546440755006,0.15687135922903728,0
65,0.13855097390951432,0.1597731010684441,0
66,0.10085498428015205,0.16131495839741927,0
67,0.14390655441808542,0.16177070662618198,0
68,0.07541797768380143,0.16241472639462484,0
69,0.15532080739587517,0.16478226951688413,0
70,0.08449437442367203,0.16478491743457058,0
71,0.02282211387249844,0.16487359577554406,0
72,0.06377780191110805,0.16490615404812514,0
73,0.09031658684975041,0.16498940726637767,0
74,0.07595595702479274,0.16534833812033956,0
75,0.12761970276743306,0.1666271456242132,0
76,0.13144667511167374,0.16718319139282234,0
77,0.06251513607694792,0.1672076278616207,0
78,0.029179398998758432,0.1677559702983129,0
79,0.01587810370407161,0.16787268480255246,0
80,0.14783938152677867,0.16827627154790215,0
81,0.044828633100793325,0.16908484010606295,0
82,0.09510591837400018,0.17061853550180406,0
83,0.15280751994452013,0.17175926692926247,0
84,0.14718712942213674,0.171802022499579,0
85,0.04588988931528992,0.17214196482842992,0
86,0.0320093655935858,0.17223191030891127,0
87,0.14917850569339786,0.17333959461476123,0
88,0.12744956930549345,0.1745477808724858,0
89,0.10073896154840578,0.1750618896816658,0
90,0.09480464169206948,0.17556527730687577,0
91,0.028980432971658976,0.17661445556330857,0
92,0.11961516286498475,0.17661616735524055,0
93,0.01823664879261222,0.1768958368639857,0
94,0.024407248134180715,0.1777802234166609,0
95,0.03914504154133236,0.17789015693248156,0
96,0.1276235141463079,0.17850143193340995,0
97,0.13165062631538038,0.1786874616879568,0
98,0.05457153181801122,0.1799475360980327,0
99,0.04545500241298339,0.18220961082748177,0
100,0.11189267278471371,0.18284539348637963,0
101,0.09855736052905029,0.18296282598250913,0
102,0.038342543425075815,0.18296282598250913,0
103,0.01570548036245678,0.18464195151691487,0
104,0.0852313048156158,0.18502463826363946,0
105,0.14695830517731534,0.18530697785087535,0
106,0.10630969102959742,0.18547802011697967,0
107,0.05383232624932022,0.18547802011697967,0
108,0.07860587595588209,0.18659879615574304,0
109,0.07529874199184883,0.187447114008224,0
110,0.019887245467938075,0.18776520398429075,0
111,0.03803315770091542,0.1886639946474068,0
112,0.044052180050911494,0.19034781420118696,0
113,0.07913360322449037,0.1909696459472694,0
114,0.04604823250854473,0.19125270062273436,0
115,0.060921908261074464,0.19217114999814722,0
116,0.10701383581957902,0.19294888440026914,0
117,0.030784893709938643,0.19330969652903185,0
118,0.1786874616879568,0.19407179493655702,1
119,0.1396446837124551,0.19534543651505287,0
120,0.12330394475436468,0.19566678594089582,1
121,0.16115356352670895,0.19605403239062735,0
122,0.03328331094169101,0.19612624392403888,0
123,0.020461447992225712,0.19689939418016722,0
124,0.061276248578542636,0.19770994999735303,0
125,0.036911332907578975,0.19928013512884468,0
126,0.06694536798818274,0.19928013512884468,0
127,0.09192487228894552,0.1993459168895012,0
128,0.09816857989460315,0.20003802626983802,0
129,0.06685743908848196,0.20091448987784688,0
130,0.05115378391031167,0.20272480293385575,0
131,0.07077475165881719,0.20335522633957293,0
132,0.18394547819606732,0.20337652295779352,0
133,0.05772559663945942,0.2037306945135724,0
134,0.08076968448093169,0.20483765622679861,0
135,0.007873695871295383,0.20557090860662774,0
136,0.20633915914381784,0.2064986157616634,0
137,0.03786125057565537,0.2109948435897534,0
138,0.05815572247933143,0.2119372558550865,0
139,0.17320043377211558,0.21266047248469866,0
140,0.015573188891356837,0.21314415815546217,0
141,0.20874358773562407,0.21383702413486605,0
142,0.034216833050004114,0.21460590452357686,0
143,0.028707064752051425,0.21460590452357686,0
144,0.1832055365636649,0.21469888643529156,0
145,0.09564018481449976,0.21469888643529156,0
146,0.19369169487634386,0.21492724942947738,0
147,0.011512388151086461,0.21758259786967804,0
148,0.06106477027656998,0.21780013603136694,0
149,0.19296539513525368,0.21780013603136694,0
150,0.06604038322843186,0.21791435530299785,0
151,0.1468094504503482,0.21808385287878573,0
152,0.0688969808377059,0.21813849216879966,0
153,0.11264394288768353,0.21823007072273093,0
154,0.041585386288544135,0.21891740366440504,0
155,0.21818878574057832,0.2191335919408648,0
156,0.1942501997525763,0.21925093541147755,0
157,0.06726248449631267,0.2192512929745155,0
158,0.10728124264207017,0.21934506955008504,0
159,0.049957970543250574,0.2203375211698636,0
160,0.022004299616345424,0.22133191406112407,0
161,0.06559874668388843,0.22148027082015798,0
162,0.14320904820173974,0.22227804843139598,0
163,0.18315691190788352,0.2231185280112794,0
164,0.00948665733321008,0.2231658769106012,0
165,0.026439347854365747,0.2236053009809007,0
166,0.058333710632982316,0.22406453680031013,0
167,0.2009113725590107,0.22418497059557185,0
168,0.01881234755157113,0.2242259747480465,0
169,0.030895850749137588,0.2249097304623059,0
170,0.10989005550580588,0.22519820709645977,0
171,0.1262167445544673,0.225831168153115,0
172,0.03949409742241361,0.22652637578276746,0
173,0.014651724978980263,0.22658300127564557,0
174,0.14535609873925293,0.22740095253174786,0
175,0.052536108153613315,0.2284077533090294,0
176,0.03326104932481577,0.23045790271078448,0
177,0.1562607398588396,0.2312816936390134,0
178,0.08205631676931191,0.23160124796194137,0
179,0.119367282845528,0.2323917566505267,0
180,0.12615482363109054,0.23312030772617653,0
181,0.08286832231196795,0.23368909767365087,0
182,0.0246399657967451,0.23390682486438763,0
183,0.008373761252972178,0.23492578937694064,0
184,0.03833380077895887,0.23497842605038777,0
185,0.2325809162295166,0.23531145267894948,0
186,0.22193824931101613,0.23531949097895932,0
187,0.17435115067521711,0.23531949097895932,0
188,0.07414342761223913,0.23562731196326514,0
189,0.015842748984554955,0.23715233530908508,0
190,0.13265429610876334,0.23741692783142498,0
191,0.08841751327646341,0.23741692783142498,0
192,0.04451200041994641,0.23779191888454942,0
193,0.20436338109604835,0.23806883980053106,0
194,0.09449801591548934,0.23815596891964919,0
195,0.11989677449536906,0.2397400596027025,0
196,0.053897743328858105,0.240576479901354,0
197,0.06674160904339765,0.24239815006668708,0
198,0.01991547419453321,0.24240940473599282,0
199,0.17076647051751392,0.24311628387351203,0
200,0.022741908769205232,0.2433353470390479,0
201,0.13951713951770306,0.24339504030801018,0
202,0.10647311924874159,0.24339504030801018,0
203,0.05932514557337254,0.24406879308522245,0
204,0.06533394947155835,0.24541472479240156,0
205,0.029243294061147895,0.24711695164220604,0
206,0.07347024233540622,0.24725905057530395,0
207,0.10836701041819963,0.24765138582208712,0
208,0.08925743027942246,0.24765138582208712,0
209,0.06411817027803701,0.24913961290966358,0
210,0.05163398565299493,0.249582164179596,0
211,0.08695962838619598,0.2500930492267981,0
212,0.17948394602325923,0.25014054773735417,0
213,0.0279397588344813,0.25058428926155707,0
214,0.15083412965288756,0.2510510195821577,0
215,0.07895483027280836,0.2535604200670568,0
216,0.19137528938483417,0.2535604200670568,0
217,0.11370487463139112,0.25461918012186113,0
218,0.23766535971122738,0.2548982024684423,0
219,0.2207468790972954,0.25497323524620497,0
220,0.13859442624745555,0.255476817820401,0
221,0.07688103991688178,0.2556590991580616,0
222,0.21256602453653195,0.2560205035734672,0
223,0.11831880798530858,0.2560205035734672,0
224,0.22637001496159426,0.25647233281353843,0
225,0.045223942735716616,0.2572110462851094,0
226,0.07212652044906864,0.25785056025956843,0
227,0.046893831224082416,0.25802917691320915,0
228,0.08967838482216373,0.25805065213950396,0
229,0.12578867109425573,0.25816853891513325,0
230,0.04022099086381348,0.25842457441386446,0
231,0.21872638361761532,0.2605337667244938,0
232,0.08315253585428806,0.26135499668122486,0
233,0.03682645958451514,0.2613776804366158,0
234,0.17810342310299676,0.26197747377697234,0
235,0.030687023048506124,0.2636293828749571,0
236,0.2563958006486453,0.2636748148626967,0
237,0.14366587591718216,0.2641030847216944,0
238,0.08814877722352832,0.26431894482413254,0
239,0.03496730725447805,0.2643914486097585,0
240,0.024953911724275857,0.2644525645372847,0
241,0.19975845893705413,0.26517087573809894,0
242,0.05927409684337015,0.26584746281735405,0
243,0.17258591669429013,0.2663449255657159,0
244,0.08778939578078682,0.26659694635689857,0
245,0.14001874344481202,0.2667998812860167,0
246,0.09108031671208916,0.266912247428188,0
247,0.12291757806774817,0.267043561774594,0
248,0.002238547083216691,0.2678651126214179,0
249,0.19250371034864322,0.2680366285912197,0
250,0.1846598770973309,0.2683533377377787,0
251,0.011554673934915716,0.26886442972242797,0
252,0.016088478683001783,0.27052224056396057,0
253,0.24753655591868695,0.27088194111358654,0
254,0.25220751044698053,0.27097057740579966,0
255,0.006497766243944714,0.2715402952074141,0
256,0.03941488522270131,0.27162510501464354,0
257,0.18463123531227688,0.27210468312078284,0
258,0.021106535457062314,0.27214884125327976,0
259,0.05823769454381367,0.2725289872265927,0
260,0.051725405628951227,0.2725705530097928,0
261,0.09737202175318138,0.2735062304547673,0
262,0.258054034136212,0.2735062304547673,0
263,0.11005356321081028,0.2740697127058217,0
264,0.15017186533608018,0.27451863273827115,0
265,0.17060186444728753,0.27451863273827115,0
266,0.17624708611593443,0.2750018476960734,0
267,0.05631482514906383,0.275086480896806,0
268,0.26337140375529844,0.27538538378097455,0
269,0.1775447727021271,0.275553212757795,0
270,0.11084804745436971,0.2757008728239223,0
271,0.05966041658452936,0.2757008728239223,0
272,0.002069503042535392,0.27600714377675484,0
273,0.02151088436402082,0.27606459602316125,0
274,0.15823243007260268,0.27695929036500455,0
275,0.042794409576959236,0.2777944462193903,0
276,0.2446883037526768,0.2778592975768056,0
277,0.19895952219450452,0.27841528202732513,0
278,0.018730548321183482,0.27871956586214974,0
279,0.19578619104114536,0.27890959232634893,0
280,0.03738483382508295,0.27893805335528643,0
281,0.25891003596497775,0.27893805335528643,0
282,0.006842225864302831,0.2791325928263506,0
283,0.18069614089139496,0.2797298342805239,0
284,0.2715402952074141,0.2807715759476477,1
285,0.06031132280033258,0.28107525982919257,0
286,0.24397528654113587,0.2811256031210614,0
287,0.09842972475905887,0.2813019811551273,0
288,0.09873194438461486,0.2815885996814076,0
289,0.27174596406846085,0.28178350765699123,0
290,0.006333252330130268,0.28178350765699123,0
291,0.013460440331073964,0.2822197661794317,0
292,0.24582231537780985,0.28241389466967537,0
293,0.025521594432621142,0.28323216227110093,0
294,0.09397387990156447,0.28327590246042333,0
295,0.05651128325989285,0.28328096244133605,0
296,0.1378781840199309,0.28341913914638583,0
297,0.00955980617456964,0.28353886916646354,0
298,0.047012353136674845,0.28420617029579853,0
299,0.07817797718479114,0.2854556163787315,0
300,0.03752747502401199,0.2857229564030527,0
301,0.25208016613893836,0.28631140487601325,0
302,0.004753699975930004,0.2872172216247295,0
303,0.011803872664645776,0.28731291201356834,0
304,0.04636897945498519,0.2877882777704326,0
305,0.02755236443082698,0.2883258969083151,0
306,0.06213206528467219,0.2883939447288778,0
307,0.008321164677382087,0.2886757422721654,0
308,0.2798672730087505,0.28904355767637047,0
309,0.09832528659333628,0.2891551542165216,0
310,0.029142053004997392,0.2895509049891729,0
311,0.10420349168051368,0.28973640878971973,0
312,0.006756082885810866,0.29026041564615834,0
313,0.21423547107066732,0.29042343558749095,0
314,0.0776343914707398,0.29065820928799724,0
315,0.09589433267027347,0.29096391305568803,0
316,0.16218740915371033,0.29212805873980874,0
317,0.08620799075096575,0.29212805873980874,0
318,0.06356877116820392,0.29212805873980874,0
319,0.05723511181901586,0.29354855457801887,0
320,0.180161783481241,0.29426964000271505,0
321,0.09228576973305991,0.29426964000271505,0
322,0.2502753094835054,0.2952002539857196,0
323,0.043942840905013325,0.29544858263366947,0
324,0.03018657993146734,0.29554148424696103,0
325,0.040368334367162584,0.2958862161894522,0
326,0.04318883286573061,0.29589508058949643,0
327,0.1647562840641038,0.29709920809900225,0
328,0.07159354357126513,0.2971260762387534,0
329,0.2722332658528337,0.2972302054911353,0
330,0.05766123731688033,0.2978828637543699,0
331,0.22608014979005597,0.29819227392449243,0
332,0.021662400842359597,0.29827463652494024,0
333,0.16294701000159795,0.29874400761005127,0
334,0.06457121406465238,0.29874400761005127,0
335,0.039028382395157935,0.2997589061404309,0
336,0.02430969866782129,0.30057602869789113,0
337,0.14159519416822075,0.30188713883620466,0
338,0.10926856771130422,0.30188713883620466,0
339,0.024857679441783187,0.30262321200305053,0
340,0.12664228045324466,0.3027558405630544,0
341,0.03845772526805746,0.30337802524172675,0
342,0.02236242914493425,0.30372679464548624,0
343,0.019482036567458505,0.30382133445922666,0
344,0.02252386146372587,0.3040025228758715,0
345,0.0013032390204933408,0.30482977701353964,0
346,0.1506610806181683,0.30517818174746314,0
347,0.024375000860836993,0.30533182052178254,0
348,0.14047382964636312,0.3054375063904038,0
349,0.07322522735677517,0.30546294068178836,0
350,0.0850821458374974,0.30548249739318145,0
351,0.032098052614825234,0.30589462749855867,0
352,0.006035720863350136,0.3065288467773214,0
353,0.13484138164063497,0.3066922545799523,0
354,0.2203412519452278,0.30672503128507034,0
355,0.12015521361779191,0.306917215052822,0
356,0.11825777445767749,0.30744157764567437,0
357,0.008338153785781954,0.30744620857684335,0
358,0.04539123314383786,0.308865938339724,0
359,0.11641100559293394,0.30952998852482083,0
360,0.011506547207083329,0.30960948506939423,0
361,0.11263056418685247,0.3096473732427937,0
362,0.045937663741781876,0.31006253956176055,0
363,0.1908634447014167,0.3103029570713146,0
364,0.16497796082224048,0.3103029570713146,0
365,0.24706545219839626,0.31161753498216627,0
366,0.04328842694763679,0.3121794325262933,0
367,0.269222749409439,0.3122093714331208,0
368,0.2420431626735451,0.31233120021257,0
369,0.047969039603420804,0.3126700976795951,0
370,0.15766671235267704,0.3134423631394381,0
371,0.003298479575490343,0.314283785836596,0
372,0.244900785158913,0.3145410488041206,0
373,0.1060952850044703,0.3146426114274462,0
374,0.013938351101219215,0.3153501908996502,0
375,0.0304708614016187,0.3153802578311877,0
376,0.15556677468393054,0.31560303858244254,0
377,0.05362203086302053,0.31566078790732677,0
378,0.006797733809762563,0.315871376342322,0
379,0.14554202695279694,0.31592262599886756,0
380,0.125051695362271,0.31622612719978516,0
381,0.008217001279464342,0.31686024688035874,0
382,0.29011163989146926,0.3173990310890197,0
383,0.08200337385500456,0.317520933613331,0
384,0.2199932503965346,0.31817521892276845,0
385,0.14972667539296747,0.318302705777471,0
386,0.24207177342003383,0.31852646771886295,0
387,0.002506368444848417,0.31927865105098296,0
388,0.028574216795978602,0.3192872308848784,0
389,0.2501338493460601,0.31934819049920304,0
390,0.009468454274396798,0.3195671028531103,0
391,0.0116169146039512,0.3202129883585686,0
392,0.2847724654768313,0.3203035639982611,1
393,0.018183055855414576,0.32070044645752804,0
394,0.13829094374589013,0.32106131618314215,0
395,0.21270526793858924,0.32158175227182173,0
396,0.09223705289313355,0.32171488016126626,0
397,0.25767822936021323,0.3223203708239485,0
398,0.12335432034841753,0.3223988946186285,0
399,0.013047349428297328,0.3224848504609673,0
400,0.19363612758996007,0.3246288296403911,0
401,0.1500547121496728,0.32477865038030496,0
402,0.08752032539998589,0.3248493027200875,0
403,0.2441666175636612,0.32489254715140914,0
404,0.05529377013055781,0.32517299506278463,0
405,0.0451323970507882,0.3266239656822998,0
406,0.1532230447313221,0.3266760662224196,0
407,0.09007580381331282,0.3289075000071179,0
408,0.018573391009179208,0.32950342829956947,0
409,0.1492538261579679,0.329624893267346,0
410,0.05621001935226633,0.33083816061360205,0
411,0.027727814561891884,0.331379593326804,0
412,0.14771553381873792,0.3318356831881898,0
413,0.010116024268638002,0.333598023473779,0
414,0.09654053057158352,0.33417745418064637,0
415,0.2826713730305578,0.33417745418064637,0
416,0.28105514187761516,0.33476560362459007,0
417,0.33114498980402607,0.33495889811559865,0
418,0.31934819049920304,0.33551677193745044,1
419,0.2926079982621249,0.335540823056239,0
420,0.08191515094617319,0.33592084002425526,0
421,0.032041271737376475,0.3359658324022442,0
422,0.08662427563985076,0.3362117248118385,0
423,0.3249903250660049,0.3364740174870463,0
424,0.006066973088748928,0.33660452174069566,0
425,0.001307972554126735,0.3367867507352934,0
426,0.293334333066815,0.3367867507352934,0
427,0.052419526219807056,0.3369872886256333,0
428,0.103974996894309,0.33703087643062835,0
429,0.03601968211539075,0.33712846514839423,0
430,0.05662784214579886,0.3375655581017194,0
431,0.03703812755425562,0.3381995453007621,0
432,0.09244679272857159,0.3388022987883438,0
433,0.19367264391727923,0.33965935247842327,0
434,0.02493207858690394,0.33965935247842327,0
435,0.1722486019763938,0.3397178910309092,0
436,0.17148044096132764,0.339993094444775,0
437,0.2561711466760487,0.34115176154885163,0
438,0.018305350618272653,0.341218988437613,0
439,0.04863593097709551,0.3415654703776857,0
440,0.06252805426174202,0.3426326863983945,0
441,0.16046102208145996,0.3426326863983945,0
442,0.034368428007952145,0.3431542142711289,0
443,0.01651664936096875,0.34415704659873203,0
444,0.05545678551374278,0.34495853577739233,0
445,0.06279985627563023,0.34497942136172943,0
446,0.13659475212891314,0.34504714990901164,0
447,0.006717308033352354,0.34543328524831185,0
448,0.06859934137644941,0.34554007541289644,0
449,0.07676227576730943,0.3455913224627597,0
450,0.004163990863377487,0.3456611200544263,0
451,0.17182352085339347,0.3460172853315344,0
452,0.33977659255108017,0.346488977800505,1
453,0.0015842391447837834,0.3472647487352042,0
454,0.06475538170758766,0.34731962297855645,0
455,0.3063552386558569,0.347768951472175,1
456,0.07844478341337469,0.3484564171903698,0
457,0.24463421887474956,0.34854674985426015,0
458,0.011496811775992155,0.3488090463770033,0
459,0.009192387739115793,0.34893505710449435,0
460,0.008677846000442524,0.34919351038983737,0
461,0.012498594870718582,0.3493091007550153,0
462,0.0643621009491756,0.34938193534684536,0
463,0.012512531390046489,0.3498712850337077,0
464,0.06057450546453047,0.3511636592883842,0
465,0.13452937224619688,0.35145960656015574,0
466,0.0827002376851863,0.35205703352814177,0
467,0.2777544181241427,0.3526384240267504,0
468,0.021480860485022735,0.35332925744327515,0
469,0.0013838675072167517,0.35391526561513187,0
470,0.06391045560091846,0.3543655760850972,0
471,0.0014269747189428195,0.354604829602174,0
472,0.17797048510499114,0.3547969346501465,0
473,0.010154484118345741,0.3554034989152991,0
474,0.017126267585698796,0.35558998409551423,0
475,0.355662081361786,0.3563035924753971,0
476,0.02115614263938037,0.3563035924753971,0
477,0.20864960319586445,0.35750813820297256,1
478,0.0391194665220953,0.35770263897430965,0
479,0.11715999007383904,0.3577894845641827,0
480,0.058469113927851035,0.35857163139066783,0
481,0.2720839845724461,0.35929455808761823,1
482,0.1603610869982005,0.3595524221619303,0
483,0.1324379636780867,0.3595524221619303,0
484,0.07111670113017543,0.3597997827493964,0
485,0.023970270188642395,0.3601129254614768,0
486,0.0029055529785878553,0.3601899231128427,0
487,0.020435658881315488,0.3602060538091283,0
488,0.014071101393060448,0.3604774531017163,0
489,0.017004642261337355,0.3610025109305448,0
490,0.027881931733919396,0.36142459073173083,0
491,0.33977659255108017,0.36272834769934537,1
492,0.0683043713397149,0.3629555018187597,0
493,0.2066093057827908,0.3633539032002473,0
494,0.04483989053468285,0.3637942084094077,0
495,0.1962477060721658,0.36384968871533796,0
496,0.00973227392820697,0.36396224652163434,0
497,0.02009055604630472,0.36489778349260515,0
498,0.08507808631492197,0.36502721175233155,0
499,0.0015813155903229292,0.3653775283709375,0
500,0.11027217441076809,0.36630559180458266,0
501,0.05160616329802825,0.3667907050041026,0
502,0.054916043447006846,0.366815574300305,0
503,0.03678642445087099,0.36767093292230935,0
504,0.24413103514863865,0.367859482927532,0
505,0.23484535544439766,0.37069411338157254,0
506,0.09614350290355367,0.3716313692856734,0
507,0.3041562233418743,0.3716690963397048,0
508,0.010227812186883845,0.3719116608026204,0
509,0.3495297994135571,0.37288305942008715,0
510,0.20744772177999116,0.3735393270940116,0
511,0.3161375565956954,0.3738841822732766,1
512,0.01203657334767727,0.37394727104459824,0
513,0.015879458844337946,0.3743207386763834,0
514,0.26103005977258353,0.37488854306952246,0
515,0.1990052753072954,0.37556462454681794,0
516,0.09937696424553444,0.37606308494117024,0
517,0.1819788519823945,0.3765263519146146,0
518,0.0033396612768206158,0.377380207674469,0
519,0.017356032104609453,0.3776241682903052,0
520,0.23123621507998304,0.3784047913120917,0
521,0.10529459023428756,0.37840971152843095,0
522,0.0016953178563356985,0.3785208462835744,0
523,0.3036510927088021,0.3786744570916053,0
524,0.06715511382465944,0.3786801885068384,0
525,0.2510510195821577,0.3791783191325817,1
526,0.06473283787810491,0.3794769419132723,0
527,0.13191125176851048,0.379545703344184,0
528,0.03682064404496388,0.3798273219538475,0
529,0.018374516404202845,0.37983847637240675,0
530,0.059476813752681545,0.38062566686492627,0
531,0.09474309387908642,0.3861126245745644,0
532,0.021257054138860254,0.387064188349709,0
533,0.002652713334296064,0.38803708553217797,0
534,0.08820412260823651,0.3880472717534925,0
535,0.19139227455425267,0.388455642161984,0
536,0.010460959370051093,0.3884769626235419,0
537,0.08315710215873429,0.3885225373340715,0
538,0.3556065475558192,0.38856762810086865,0
539,0.25539195478916266,0.38919064297601413,0
540,0.19510241459712563,0.38953883344833495,0
541,0.18850086702783442,0.3898608375094834,0
542,0.1500856480789493,0.38996501221800983,0
543,0.007261505199658735,0.3909640406667243,0
544,0.0016222966387520188,0.39102470696505576,0
545,0.0020689342837526548,0.391367863119502,0
546,0.008274942028269283,0.3920795371241055,0
547,0.006355496616553324,0.3921904927818759,0
548,0.05366888969712991,0.3921904927818759,0
549,0.38408082198490945,0.39227888699938307,0
550,0.03527037513428943,0.39274453374215557,0
551,0.0006254870135380397,0.3931187533036492,0
552,0.00038065829868461076,0.3937634782104975,0
553,0.29596023287144824,0.39450817749420397,0
554,0.007685669859591515,0.39473086459939477,0
555,0.00033920677628551665,0.39473086459939477,0
556,0.10498034361767683,0.39579738760005667,0
557,0.057648963814999954,0.39626983886743206,0
558,0.37488854306952246,0.39687425937989673,1
559,0.15812480647139648,0.3970162785616759,0
560,0.04034298887642562,0.39724941909525635,0
561,0.01824713980661896,0.39746879405561975,0
562,0.00576360868683512,0.39746992178912566,0
563,0.32743484741439144,0.3978232451298901,0
564,0.30046098692785217,0.39813217888946373,0
565,0.06961968769686466,0.39813217888946373,0
566,0.14104940690734846,0.3993164963329854,0
567,0.31011404073879345,0.39934758465819076,0
568,0.0028697654111475845,0.40028791707295874,0
569,0.0019729597964268653,0.4010776893219482,0
570,0.08568968121512188,0.4010776893219482,0
571,0.11160102840662955,0.4014258565510559,0
572,0.24224979135553903,0.40144829479930444,0
573,0.15286035216124627,0.4016321122547237,0
574,0.01735498069755559,0.40255142670199895,0
575,0.10625378737662217,0.4027510525056234,0
576,0.25966484058098305,0.40333786061382315,0
577,0.29031776617020677,0.4035000770650957,0
578,0.37263372939279027,0.4044606609429552,0
579,0.01607208294898288,0.4055640833834573,0
580,0.36142459073173083,0.40593173676934,1
581,0.1803916236941967,0.4068182107501611,0
582,0.013194362071948684,0.4076068016407014,0
583,0.00047794670858691823,0.40874531185215024,0
584,0.017208414657948867,0.40896109621307053,0
585,0.06604698759561567,0.41022722111954835,0
586,0.034050505559528044,0.41029770715204905,0
587,0.02559620514592975,0.4114353630004094,0
588,0.22163733860770407,0.41183273319407165,0
589,0.08786716788813331,0.41184434415564886,0
590,0.3551491459691647,0.41190687049712893,1
591,0.40998232954237435,0.41335793695474254,1
592,0.12259386528715088,0.4152050596258199,0
593,0.37881059412683993,0.4156517534683689,1
594,0.3161375565956954,0.41577691084389967,1
595,0.14223769115460616,0.4161301114101522,1
596,0.40161430403079046,0.416340852414656,1
597,0.0643850099442822,0.416614235230785,0
598,0.37109239266737803,0.41876173593814725,1
599,0.1786874616879568,0.4190672481716442,1
600,0.10350132099254306,0.4201540769835438,0
601,0.13854922395816816,0.420928354016734,0
602,0.03636667503291979,0.4209436439765475,0
603,0.24722698942966514,0.4210045188072723,0
604,0.0765009492426838,0.4211342384629303,0
605,0.02100512953651479,0.4216777896291054,0
606,0.009439240058140563,0.42285424515951786,0
607,0.01768243574843742,0.42339433093248446,0
608,0.3247680366396135,0.42364841844168766,1
609,0.004560674498274242,0.4236569500773585,0
610,0.3547969346501465,0.4240173736052981,1
611,0.0568208228155086,0.4248082090602875,0
612,0.41070657980928826,0.4259738183425412,1
613,0.1515152577429456,0.42608526051245876,0
614,0.01653034827593014,0.4268740477332321,0
615,0.1408832421875087,0.4270968196769288,0
616,0.2784660231270484,0.4286425444380362,0
617,0.35759286892714715,0.4294111385195749,0
618,0.38372448915618684,0.4323473474580849,0
619,0.18746306402724855,0.4326537776283761,0
620,0.15038962887956264,0.4329160590316453,0
621,0.34576990800576146,0.43434378655908235,0
622,0.0002811158881746989,0.4346049553966045,0
623,0.17873981378310855,0.4358292851651603,0
624,0.13446733868838012,0.4372389611539893,0
625,0.16409631754599707,0.4380341021861899,0
626,0.17724632565853848,0.4387630662067813,0
627,0.03180398306242904,0.4388733335479944,0
628,0.08712792462177621,0.4398782892732932,0
629,0.05086364795342846,0.4412245737777791,0
630,0.0768414972412993,0.44245296958584934,0
631,0.16584546064596795,0.44319318715751255,0
632,0.05012912738887243,0.4434218478707317,0
633,0.3581314063474953,0.4445779435929955,0
634,0.4375458281249196,0.44603792498611594,1
635,0.33216489523210113,0.4487362713888956,0
636,0.42039525164821256,0.44961571720567495,1
637,0.29589508058949643,0.45050650172936635,1
638,0.0159016369797903,0.45144474642958365,0
639,0.4441973530661196,0.4535400896490893,1
640,0.06053428627649282,0.45394388225565585,0
641,0.19613325999242837,0.4557904168790564,1
642,0.1505548631766419,0.4563353254356668,0
643,0.08690517946610088,0.4567079024397449,0
644,0.3872483819549115,0.4577954117470202,1
645,0.4191717933272483,0.458044348424234,1
646,0.38137087908818235,0.4582326307990342,1
647,0.013998018207078577,0.46135545241324993,0
648,0.08919732411288817,0.4622303558164743,0
649,0.1439432641122551,0.4627806676238623,0
650,0.3306257965416578,0.46301214060473794,1
651,0.27957010368354385,0.46353385716670914,0
652,0.12905419119220818,0.46433191310583244,0
653,0.42402417181600116,0.4647614303253792,0
654,0.23779191888454942,0.4658212485461707,1
655,0.001116257388879771,0.46870184076420873,0
656,0.4294437348432787,0.4704711919021298,1
657,0.4664479868987843,0.47090107299654127,0
658,0.2767970255479131,0.47405755450178955,0
659,0.19259491292250286,0.4745842780194022,0
660,0.02553650159006604,0.4753442380590859,0
661,0.37488854306952246,0.47570050091848537,1
662,0.013898414954801264,0.47691962890186146,0
663,0.009062839131347977,0.47749146608110804,0
664,0.04690700479869858,0.47850188159919127,0
665,0.41629205304119277,0.47958249542662157,1
666,0.033874095548149574,0.4797149155764905,0
667,0.015439659220686464,0.48051905787555527,0
668,0.0015650547333736498,0.48154724159917617,0
669,0.4705971857538901,0.48321844005437364,1
670,0.005045054849366681,0.48351991650709814,0
671,0.35292506983938654,0.4856221008679311,0
672,0.39670250223331394,0.48610257491129993,1
673,0.01631568792200011,0.49386183819633034,0
674,0.32482147172766773,0.49418819426767535,0
675,0.23497842605038777,0.49537818468154304,1
676,0.3850226194813938,0.4961900117717042,0
677,0.47741522607537157,0.49690694394551416,1
678,0.3705310238018896,0.4985519128799548,1
679,0.44245296958584934,0.5010915017768657,1
680,0.36995305272234913,0.5021775896635273,1
681,0.49976184553267367,0.5028878668558836,1
682,0.004358072616750919,0.5043161264136147,0
683,0.34981613718607807,0.5054899167709328,1
684,0.36198921208192925,0.5088185228652519,0
685,0.35776083633272593,0.5099220508213466,1
686,0.03174614188968128,0.5115294482594939,0
687,0.38241486552627835,0.5122667292997156,1
688,0.4122623571248215,0.5129033958821072,0
689,0.0630625155586817,0.5135382329560121,0
690,0.22446482921986466,0.5138422956433207,1
691,0.18057844801051615,0.5139339922505031,0
692,0.3157126774806366,0.5155655211285112,1
693,0.087728381676484,0.5159102516908121,0
694,0.28760131247698795,0.517806428101199,1
695,0.4285324361364452,0.5189216285266589,1
696,0.3360796049295215,0.5190271074815505,1
697,0.4597193877132829,0.5203073364836406,1
698,0.44991138507207507,0.5230215085248994,0
699,0.23948892000481614,0.5230215085248994,0
700,0.09860216317837756,0.5243509731455606,0
701,0.02363258947038993,0.5246346746966554,0
702,0.4403046274949439,0.5256388429160346,1
703,0.4882236717931412,0.5257126218869852,0
704,0.06153161329682233,0.5259683968098278,0
705,0.4444968018596266,0.528235109869588,1
706,0.15207567830208513,0.5295222758032486,0
707,0.34731962297855645,0.5307246485101303,1
708,0.012099532735887375,0.5307653783227775,0
709,0.3333615939808584,0.5308982414405357,1
710,0.25463071180025776,0.5324581024248812,0
711,0.4184757287650688,0.534917351966411,1
712,0.4428741422749335,0.5376825681467803,1
713,0.46351731120657824,0.5401569281772992,1
714,0.5139003397059367,0.541083997222177,1
715,0.5310136953461277,0.5412602890569884,0
716,0.15791239295754222,0.5415271216155547,0
717,0.08505148990495481,0.5444738870961746,0
718,0.3775935785475586,0.5459082105331104,1
719,0.4695149434429602,0.5480652185511833,1
720,0.2585534249888638,0.5482434896955676,0
721,0.4763148769212031,0.5484607616290019,1
722,0.42341417524408664,0.5485298712304489,1
723,0.40957832682838013,0.5543540797466961,1
724,0.5187018304650322,0.5548442803893163,1
725,0.42359789164516515,0.5559089368257151,1
726,0.26749915858903006,0.5559692622564258,1
727,0.47300824041196454,0.5575552372777202,1
728,0.22126310957716722,0.5583707995868012,1
729,0.38559271739793355,0.5602475333145203,1
730,0.531847977972626,0.5623099850162242,0
731,0.4191717933272483,0.5655511758863193,1
732,0.39463610609313693,0.5669339948029047,1
733,0.46700612188597634,0.5674587098119993,1
734,0.05055002155316468,0.5679863835389349,0
735,0.43842683449237396,0.568160746750053,1
736,0.39463610609313693,0.5684993537340202,1
737,0.5159706640649523,0.5691071680397597,1
738,0.2943508175677778,0.5692923685043143,1
739,0.5248301855325845,0.5728963899463204,1
740,0.44445571056299304,0.5757926960050493,1
741,0.5522370882461833,0.5810593600812762,1
742,0.34877467126139383,0.5816968682027505,1
743,0.2886024117448984,0.5819664501481118,0
744,0.5550989080973866,0.583793149113138,0
745,0.5684101217203997,0.5838599289147671,1
746,0.4567079024397449,0.5863903354503837,1
747,0.40255142670199895,0.5873378739280151,1
748,0.4197046305865699,0.5880052721622435,1
749,0.3519607811708383,0.5906769209351203,1
750,0.49573691538142417,0.5914839668796266,1
751,0.5684034315358858,0.5926787940203253,1
752,0.5316692501579028,0.5928308719529736,1
753,0.4696648282863338,0.5947863837241967,1
754,0.5413560746387994,0.5967264617707613,1
755,0.525799241803076,0.597080896040935,1
756,0.40226419252959233,0.5976163687649372,1
757,0.3898870107601552,0.599221646686779,1
758,0.46593554884612065,0.5998506098739017,1
759,0.4366410878474992,0.6013996975971505,1
760,0.5057351707284599,0.6018574219054021,1
761,0.5588228175396469,0.604245701728475,1
762,0.4536452682729035,0.6043304983632991,0
763,0.4645861627417974,0.604432334811981,1
764,0.527566332137895,0.6054846877460472,1
765,0.5756296731628581,0.6061526935725847,1
766,0.3468191369196201,0.606506398087707,1
767,0.5187018304650322,0.6074369166849668,1
768,0.2191335919408648,0.6081503084264043,1
769,0.4844268439025614,0.6096574519937435,1
770,0.5962734276452459,0.6097697691117576,1
771,0.5235826841350285,0.6099488088008242,1
772,0.3844936181460855,0.6100747441555541,1
773,0.43249172438015304,0.6104660069461325,1
774,0.5080819170056252,0.6111233300288387,1
775,0.07890304714988339,0.6112772829023548,0
776,0.44459654158622497,0.6130138661874199,1
777,0.4990021307030039,0.6130933964093725,1
778,0.38845904992074887,0.613192083111593,1
779,0.5106907956442599,0.6140546322448984,1
780,0.5531931785590827,0.6150964021793882,1
781,0.590663751500025,0.6160774487750871,1
782,0.5090422432864721,0.6192497636701555,1
783,0.3746903267461186,0.6210629396886055,1
784,0.4982797553796321,0.6211650739905556,1
785,0.42354616426974345,0.6230663087629147,1
786,0.5770198839608476,0.6240871912845908,1
787,0.5215672816979956,0.6253208339911837,1
788,0.4412245737777791,0.625363895550952,1
789,0.5200697749861558,0.6268818037498304,1
790,0.4007922415861389,0.6308208990116037,1
791,0.35694464640440604,0.6322720122008824,1
792,0.6125473090008141,0.6344388703409024,1
793,0.23008701509936236,0.6344876266154548,1
794,0.3931187533036492,0.6348496935446423,1
795,0.5737860163767586,0.6349083143240811,1
796,0.5658167978676464,0.635567700475907,1
797,0.6118010794944383,0.637925018284029,1
798,0.4917018810248799,0.6390763942744365,1
799,0.6242009967849843,0.6392613129297277,1
800,0.4982797553796321,0.6422228595286334,1
801,0.5963581209335469,0.6431572233138771,1
802,0.5238401865786856,0.6437239996479636,1
803,0.5805361803167814,0.6437474410651841,1
804,0.5172939170569333,0.6440506314993101,1
805,0.5304186206114762,0.6450048882061921,1
806,0.5461764910271184,0.6460754072971735,1
807,0.6041684146375301,0.646238441327898,1
808,0.527566332137895,0.6465124359850648,1
809,0.5043161264136147,0.6491450931442265,1
810,0.29412344322646866,0.6527535408189936,1
811,0.5105181901492393,0.6535460000005163,1
812,0.6492793616094711,0.6537761745898445,1
813,0.559858063147331,0.6540504156192587,1
814,0.4456018263220459,0.6545435574424047,1
815,0.5961467156632743,0.6572392943590399,1
816,0.5805279208706684,0.6587614758996457,1
817,0.49468152584453795,0.6605814791330388,1
818,0.3455913224627597,0.6606279420515835,1
819,0.534488747692521,0.6613619461079585,1
820,0.22583742537894091,0.6620184241720697,0
821,0.6651996805099071,0.6661342220683873,1
822,0.5725483982686308,0.6661938696872616,1
823,0.4269548079635236,0.6662141293609808,1
824,0.6027418068125485,0.6665607104580227,1
825,0.4693495028365078,0.6680291930250029,1
826,0.5207206767588036,0.6696589298540049,1
827,0.28497815769578283,0.6700755425539776,1
828,0.6036110990048487,0.6727255927922583,1
829,0.3489761861487942,0.6768903075065614,1
830,0.388173277514715,0.6791815647468791,1
831,0.45232357182080773,0.6795559747941661,1
832,0.4627014900141847,0.6802966543234861,1
833,0.46677446655366106,0.6812077896352413,1
834,0.39203366383698834,0.6820818201134293,1
835,0.6798441537265921,0.6825274202297271,1
836,0.6813336314508531,0.6827041339716758,1
837,0.5320132318075308,0.6828189973273692,1
838,0.4547019107523289,0.6835286409047854,1
839,0.44778098273509526,0.6849928077262303,1
840,0.422475587885641,0.685374085324284,1
841,0.4132327027544971,0.6858751828040026,1
842,0.5864519278798748,0.6865403191868447,1
843,0.42146486583931353,0.6878327169487344,0
844,0.3282123991495557,0.6884351640900458,1
845,0.4843318111281417,0.6904676577546126,1
846,0.6227016950920133,0.692839584920815,1
847,0.19928013512884468,0.6938056123193296,1
848,0.46700714767309615,0.6941069777200495,1
849,0.6897237488570787,0.6951939736290947,1
850,0.6111007320006004,0.6952818053457989,1
851,0.6470972927762657,0.6954969154115093,1
852,0.581428511866586,0.6967725408990039,1
853,0.46462281755943957,0.697003263438981,1
854,0.4181269554491348,0.6996464554953526,1
855,0.6371600572517848,0.7004131567845387,1
856,0.6897237488570787,0.7005990222717896,1
857,0.5803507179104235,0.7014236995527527,1
858,0.6492793616094711,0.7021390859269949,1
859,0.37121477593197205,0.7040487663013832,1
860,0.5976750804797968,0.7041209702247927,1
861,0.34920259204483206,0.7042719007523993,1
862,0.5588836343299562,0.7069535588477273,1
863,0.5106907956442599,0.7071739604258558,1
864,0.43833827905026124,0.7076207550194699,1
865,0.6682260166810494,0.7085569458564279,1
866,0.6879394440275284,0.709600143907732,1
867,0.642931642316397,0.7111486648001154,1
868,0.6839267249241571,0.7112936939861082,1
869,0.7090876754155507,0.7115089226256165,1
870,0.46998308160666713,0.7136563497878929,1
871,0.5591376684676406,0.7146494929235672,1
872,0.5174604058797314,0.7152969818390249,1
873,0.5684368850857182,0.7165545464934963,1
874,0.43506104734767503,0.7182694296940212,1
875,0.522621140287,0.7193070912571725,1
876,0.7079546443842538,0.7202847626173345,1
877,0.6529684541712699,0.7207850438342408,1
878,0.6920741822677948,0.720970101393165,1
879,0.6740486083563164,0.7217112695911092,1
880,0.6993813379813765,0.7218824854440877,1
881,0.37459108187591383,0.7231153606484751,1
882,0.6676366849347384,0.7255292041692284,1
883,0.4730641939318949,0.7256293476148641,1
884,0.5659662539204938,0.7260671180824406,1
885,0.710847128527634,0.7262567473764073,1
886,0.6293551567033085,0.726445089348849,1
887,0.5778394171033523,0.7275021486171677,1
888,0.6009986600412885,0.7278498043397071,1
889,0.3624185424458003,0.727858614766301,1
890,0.5300644812540408,0.729031389985054,1
891,0.6031259666598503,0.7293336284528462,1
892,0.4083375414404916,0.7303223308577497,1
893,0.6899333022729278,0.7307161829061123,1
894,0.5745167944404965,0.731456813642549,1
895,0.7046720770525449,0.7324659047210306,1
896,0.5156846644466759,0.7350329432808835,1
897,0.4745842780194022,0.7359435156529384,1
898,0.6783246698731094,0.7361526170874123,1
899,0.5920334037350878,0.7368558709996638,1
900,0.3967091866566407,0.7375747755139491,1
901,0.6073999109328769,0.7386651171353904,1
902,0.6278374794029177,0.73957465336037,1
903,0.7343544231360256,0.7406680127774801,1
904,0.6734895097059114,0.7414235172851187,1
905,0.34731962297855645,0.7418818141047174,1
906,0.6701455828653236,0.7430947751976588,1
907,0.6558998616823358,0.7441524876678363,1
908,0.663663542869815,0.7442461561203448,1
909,0.673864049528194,0.7446157505010151,1
910,0.5776835119738818,0.7452079814187564,1
911,0.6979469265402439,0.7453992314579071,1
912,0.7164937084112553,0.7456408394842792,1
913,0.5161146820683409,0.7457327874979717,1
914,0.6898662327042789,0.7472735383837931,1
915,0.6689130110159428,0.7472901303495466,1
916,0.6488526516801028,0.7480396073337938,1
917,0.640640215335009,0.7481442336744951,1
918,0.6750410388710943,0.7483351082245193,1
919,0.5734780892214075,0.7487433984346985,1
920,0.5085450970781792,0.7507684037717645,1
921,0.5490724576482113,0.7516529596466449,1
922,0.45668679143213153,0.7519453257285104,1
923,0.34920259204483206,0.7524555503861484,1
924,0.5538963332532137,0.7524835223830662,1
925,0.5921055706378969,0.7525938271701861,1
926,0.42341417524408664,0.752641211346991,1
927,0.680359239710272,0.7534464120739927,1
928,0.7338004639492833,0.7536639309003306,1
929,0.7287282748473682,0.7540224853624422,1
930,0.681833018194715,0.7541469821339895,1
931,0.7411230057724514,0.7556751121932328,1
932,0.3289075000071179,0.7569391675263221,1
933,0.7238644649625845,0.7573712494218781,1
934,0.32101526112384193,0.7575502195134182,1
935,0.454143478634618,0.7588127068558338,1
936,0.6422463394152607,0.7593117569840504,1
937,0.6826545303893438,0.7594475429172848,1
938,0.32335375116243714,0.7599547111871244,1
939,0.7517459659687353,0.7600613418493819,1
940,0.3899175550928261,0.7600754874379847,1
941,0.3493091007550153,0.7602709997118391,1
942,0.6360165150754158,0.7606939791288551,1
943,0.7031871961925715,0.7611749918777543,1
944,0.664147559375765,0.7612496004956357,1
945,0.7147046258793054,0.7651527877042509,1
946,0.642931642316397,0.7658422538755975,1
947,0.7343544231360256,0.766352950744851,1
948,0.29664500365368607,0.7665287032203405,1
949,0.6088888348042899,0.7669872165530941,1
950,0.7140990975310415,0.7672157771031883,1
951,0.7285122475157679,0.7675402942254645,1
952,0.5948409154093831,0.7675611586103754,1
953,0.41796008896082837,0.7681352000844851,1
954,0.747883538448018,0.7681719405498378,1
955,0.6459616533859391,0.7691252339243428,1
956,0.6830589404217473,0.7692726155974798,1
957,0.5431472109758833,0.7699772115970787,1
958,0.5982409619252623,0.7701542835328646,1
959,0.6308311254211459,0.7705463804503018,1
960,0.6738368288603607,0.7705466576466519,1
961,0.7636898711432061,0.7706712764219072,1
962,0.5935587926680774,0.7706914309033699,1
963,0.49234292415462444,0.770867634855818,1
964,0.48649436991032347,0.7720567888531072,1
965,0.3360796049295215,0.7724348393008547,1
966,0.5836331915954626,0.7726285432902805,1
967,0.6639815925974901,0.7741843406590081,1
968,0.751994500565874,0.7766535197112424,1
969,0.6974059086975066,0.7767590606322563,1
970,0.2611196899144309,0.7767615427510106,1
971,0.7662264963246969,0.7769498394454413,1
972,0.7044562614899509,0.7771795777626253,1
973,0.5099685384142079,0.7772527046471295,1
974,0.37823722605934207,0.7773105290760284,1
975,0.5249387527468197,0.7773290497581297,1
976,0.6183254427301865,0.7775507137195379,1
977,0.4543881521295159,0.7777745799001368,1
978,0.6567804235331377,0.7781181510456856,1
979,0.7145191140484582,0.7782295925159106,1
980,0.5106907956442599,0.7785398214348762,1
981,0.7218574764683413,0.7786053238449449,1
982,0.7098693254029902,0.7787680565697774,1
983,0.70671127908063,0.7792308071525899,1
984,0.7402942960494266,0.7799405474490199,1
985,0.654457811665814,0.780017377082087,1
986,0.6575824775969981,0.7800665270942103,1
987,0.6707201332734983,0.7808056314211771,1
988,0.7730592147727023,0.7813275088626784,1
989,0.6934506713960361,0.7829612336564583,1
990,0.41309676111243465,0.7831951455175922,1
991,0.5593967349127025,0.7832815592884932,1
992,0.7636898711432061,0.7846398749936946,1
993,0.682715689558296,0.7848443304636021,1
994,0.46046223418390375,0.7853086972686122,1
995,0.5832026117193767,0.7854057805161179,1
996,0.16859270901402412,0.7854741238702035,1
997,0.7002396978654327,0.7857310595598894,1
998,0.763336048886373,0.7859708647886744,1
999,0.6064641436315852,0.786157693382099,1
1000,0.5300087577182878,0.7862302234975411,1
1001,0.5559243071508034,0.7866237000095828,1
1002,0.3489761861487942,0.7871933734830644,1
1003,0.5531312654278859,0.7876316325320311,1
1004,0.5863377552648801,0.7878824170281115,1
1005,0.5413560746387994,0.7883752763907443,1
1006,0.757491277927377,0.7893056259988884,1
1007,0.5020292202075407,0.7893574599965631,1
1008,0.6882333702431566,0.7900186622517319,1
1009,0.6709502761054174,0.7901802337403583,1
1010,0.6560000495669631,0.790629961045814,1
1011,0.44455061020529596,0.7916551310262074,1
1012,0.6410753774708488,0.7919431965188678,1
1013,0.46873809722782145,0.7919564647648817,1
1014,0.7830711467793852,0.7919862493393146,1
1015,0.5420015295898328,0.7922251602047817,1
1016,0.5444322050447796,0.7962527522163788,1
1017,0.5239380063808888,0.7963563332745093,1
1018,0.6678573663880767,0.796732674925888,1
1019,0.32036200897948797,0.7967817110238665,1
1020,0.5962710724646778,0.7972332812116155,1
1021,0.7565817825969379,0.7972756700351877,1
1022,0.713290097938495,0.7974580097938748,1
1023,0.3775935785475586,0.798912312628367,1
1024,0.781432901936536,0.7991084073982843,1
1025,0.6308311254211459,0.7991332794544264,1
1026,0.593262958999967,0.7994572771478987,1
1027,0.6541276444893729,0.7994934108664145,1
1028,0.609676286498508,0.7999295934271814,1
1029,0.471679876424014,0.7999674019358736,1
1030,0.5601212648316656,0.8001309748242857,1
1031,0.49476960196446473,0.800972464272933,1
1032,0.7612983232566698,0.8020757063580972,1
1033,0.5867590263284816,0.8025611101063725,1
1034,0.7172739541460253,0.8025663846134594,1
1035,0.3233529687927409,0.80257708082559,1
1036,0.5304186206114762,0.8040527731127818,1
1037,0.48632276157530685,0.8042065268531922,1
1038,0.6477583026481213,0.8042365941186014,1
1039,0.6023957208949149,0.8046519313201081,1
1040,0.3551309617146924,0.8055445870512619,1
1041,0.7408123889463774,0.8070618177372143,1
1042,0.5678884511401978,0.8073999778796983,1
1043,0.2269033989309558,0.8078077056400804,1
1044,0.7168104967685974,0.8079206016849433,1
1045,0.4456018263220459,0.8081111167724381,1
1046,0.7558524302648602,0.8088194029456832,1
1047,0.609381234416107,0.8089293536780852,1
1048,0.2772064841387416,0.8089387536316411,1
1049,0.4971985907168084,0.8089408618442516,1
1050,0.7930182462038696,0.8094775383377052,1
1051,0.33417745418064637,0.8098495415546867,1
1052,0.5036909607242792,0.8105684034705722,1
1053,0.7742949188369922,0.810687853208028,1
1054,0.4952082839716976,0.8107457470731316,1
1055,0.4971423151317117,0.811296084818578,1
1056,0.7782487470502557,0.8115158450013114,1
1057,0.7873525585676701,0.8115644783735892,1
1058,0.6470832313687698,0.8115687141770627,1
1059,0.785984842882,0.8118128038798006,1
1060,0.5526611995196073,0.8123822728046648,1
1061,0.3912805028960634,0.8129776402521052,1
1062,0.766135950386269,0.8130057464107354,1
1063,0.4388733335479944,0.813811555503408,1
1064,0.4809772235638963,0.8138139141050275,1
1065,0.7822243651732257,0.8139190809408657,1
1066,0.692525138045183,0.8143158774783674,1
1067,0.22746135204960505,0.8148093128330579,1
1068,0.49418819426767535,0.814927245644183,1
1069,0.41526816589518434,0.8152447166425366,1
1070,0.6299127648637564,0.8157069874472493,1
1071,0.5737443998883742,0.8161380779610383,1
1072,0.4902471729627331,0.8164289360445967,1
1073,0.7236799509688412,0.8181834167677772,1
1074,0.6615731634726536,0.8184687200337573,1
1075,0.7377653208586784,0.8190532732864608,1
1076,0.47999158581800105,0.8190885583217291,1
1077,0.7089249743021356,0.819538699285591,1
1078,0.7853226264088892,0.8196049048457622,1
1079,0.588680073658251,0.8201685292095386,1
1080,0.08633282410244991,0.8202661650246028,1
1081,0.7877508950674157,0.8217806231534796,1
1082,0.3266630331858006,0.8221120462185167,1
1083,0.4585665227441944,0.8222962307333165,1
1084,0.5773892908983572,0.8229993157029941,1
1085,0.47741522607537157,0.8232220942580561,1
1086,0.5867994853894066,0.8239547943431407,1
1087,0.5753088195573354,0.824057248095036,1
1088,0.6882333702431566,0.824231406534363,1
1089,0.4481637784695044,0.824942326220954,1
1090,0.726052459189712,0.8255753691023241,1
1091,0.7901653023879031,0.8263679551689862,1
1092,0.5266409470292484,0.8266913133557181,1
1093,0.5223843024872851,0.8272038202851025,1
1094,0.6706265300196038,0.827413402711218,1
1095,0.3947998256898295,0.8276811507035802,1
1096,0.6921875286302647,0.8277519369919403,1
1097,0.654565583408417,0.827834106465435,1
1098,0.5777506088049482,0.8281672340615306,1
1099,0.5837285312492405,0.8282097147276539,1
1100,0.757491277927377,0.8282419136094802,1
1101,0.5448175088233436,0.8287793318212366,1
1102,0.7195398223697226,0.829430675006834,1
1103,0.5450612952283775,0.8296600325706981,1
1104,0.7145349840242122,0.8296740583549799,1
1105,0.6899333022729278,0.8297683117356985,1
1106,0.5599106121721947,0.8299727755251254,1
1107,0.6173857709333361,0.8300054074000411,1
1108,0.6863015787416937,0.8303714811764692,1
1109,0.7265466919156899,0.8304739728115648,1
1110,0.575133469715282,0.8305218704628354,1
1111,0.7073679031769597,0.8306240006673197,1
1112,0.6307050709155736,0.8307512310943127,1
1113,0.5813379685495108,0.8309863500341174,1
1114,0.7933415488995011,0.8314093431789363,1
1115,0.6944072545100589,0.8314650226950705,1
1116,0.677168117712425,0.8315042910284299,1
1117,0.47850188159919127,0.8319533175528344,1
1118,0.7389365639466275,0.8320728723927253,1
1119,0.5897230282470955,0.8324431996223245,1
1120,0.5925902826436675,0.8325644637334634,1
1121,0.4023202422287816,0.8331180920523448,1
1122,0.7644060917721186,0.8338033986485183,1
1123,0.665775981924995,0.8345768314440711,1
1124,0.6300450120726698,0.8347519512447682,1
1125,0.5129179219065122,0.8352184083241845,1
1126,0.6348745023863566,0.8353127939418368,1
1127,0.6695840747711383,0.8356185079884209,1
1128,0.7285750654872941,0.8361020954574776,1
1129,0.5301513436544742,0.8361828025309578,1
1130,0.5149150055488876,0.8361944039810215,1
1131,0.818734027411948,0.8364690277780703,1
1132,0.8339274202087684,0.8367871187210146,1
1133,0.755917219540709,0.8367992380335515,1
1134,0.7055962420338859,0.836870146915109,1
1135,0.6967787671921688,0.8368713680236889,1
1136,0.5649165830090799,0.8373314762324751,1
1137,0.6220560386627323,0.8374491929894109,1
1138,0.5207923552254203,0.8377342962749452,1
1139,0.6298499614517317,0.8385860083645681,1
1140,0.5115294482594939,0.8388995115201578,1
1141,0.5838270073796458,0.8389130501629141,1
1142,0.8240517245063393,0.839214244249599,1
1143,0.34877467126139383,0.8395884473270968,1
1144,0.7867111661989197,0.8402133650023731,1
1145,0.7703985283134047,0.8409589550864681,1
1146,0.631027064047495,0.8410206601844303,1
1147,0.44269465902013183,0.8411539823641984,1
1148,0.6171616024511348,0.8416649359361045,1
1149,0.31370310798962386,0.8417870407815092,1
1150,0.5763663519867717,0.8420408296379313,1
1151,0.642467440278654,0.8423666572401599,1
1152,0.8065112046980025,0.8427927155315801,1
1153,0.7314981785824713,0.8430551835782703,1
1154,0.6865251796566689,0.8434109502073532,1
1155,0.4285324361364452,0.843438260146642,1
1156,0.42860575146374535,0.8437553102324451,1
1157,0.6971879553999415,0.8438527677183009,1
1158,0.3460172853315344,0.8442793104738476,1
1159,0.4560013706331024,0.8446381324794229,1
1160,0.6538471156291313,0.8446735949896632,1
1161,0.40028791707295874,0.8447272017320308,1
1162,0.7987237884092223,0.8449207809573448,1
1163,0.5257274070258997,0.8454205783789157,1
1164,0.5929816683378879,0.8456211421997198,1
1165,0.4670244981866617,0.8457613378549922,1
1166,0.44059056226810844,0.8459610859891198,1
1167,0.7753238959943536,0.8464977617914012,1
1168,0.7922943164301455,0.8466484216920623,1
1169,0.6563590179350183,0.8468827050049931,1
1170,0.540172603665682,0.8472387814159436,1
1171,0.3503917584903734,0.8472991379193389,1
1172,0.8242138961629618,0.8478259950138023,1
1173,0.5143213033503214,0.8480303325531661,1
1174,0.7218574764683413,0.848594922478944,1
1175,0.5696394084152905,0.8487718007666826,1
1176,0.43149232483419053,0.8495753634987702,1
1177,0.47610346753498667,0.8495932670182818,1
1178,0.3969656904735315,0.850345297813297,1
1179,0.608224172000067,0.8503478317132808,1
1180,0.2981533990460141,0.8511622110285636,1
1181,0.5264003832797857,0.8519479353961159,1
1182,0.4359729620569446,0.8520294578579342,1
1183,0.8003476002833549,0.8521960784267203,1
1184,0.5192332309228682,0.8523220424734618,1
1185,0.7031871961925715,0.8528095785664828,1
1186,0.20833528630250264,0.8531086285878069,1
1187,0.5607423832437034,0.8531733041649755,1
1188,0.7364348966351594,0.8533582497091391,1
1189,0.5203633524320735,0.8539499974482642,1
1190,0.8015336526724377,0.854154574154149,1
1191,0.8189665067848612,0.8548364639123239,1
1192,0.3139991175201545,0.8555612604231748,1
1193,0.6273529707264351,0.8557397693640392,1
1194,0.5360124385956264,0.8557556891472875,1
1195,0.35713983423487894,0.8557638969580494,1
1196,0.704748363420816,0.8557726396352009,1
1197,0.5117809976944714,0.8561391200358333,1
1198,0.8308333759503731,0.8572078932938987,1
1199,0.5746236915711765,0.8573595901936474,1
1200,0.44922308895545715,0.8574503993234145,1
1201,0.645775303940222,0.8578978609968677,1
1202,0.3406277163380729,0.8581811439963507,1
1203,0.6662321888407913,0.8588962016112308,1
1204,0.6196089271969808,0.8590715162989325,1
1205,0.6553714130910011,0.8593190539484531,1
1206,0.7797838342163177,0.8597259222980596,1
1207,0.7008720690656896,0.8597276369659665,1
1208,0.781432901936536,0.8599755261854599,1
1209,0.38559271739793355,0.8602554572814131,1
1210,0.5890547132063759,0.8607891749141106,1
1211,0.530036385351797,0.8615350976946473,1
1212,0.8293112729093657,0.8616681968786656,1
1213,0.7005877114524349,0.8622003279019156,1
1214,0.798526601605919,0.8623057056240074,1
1215,0.5625329859601637,0.8625764901898922,1
1216,0.8203300563227985,0.8627977145139513,1
1217,0.6535925896082682,0.862817026239827,1
1218,0.4164417073019723,0.8630059420557685,1
1219,0.7147046258793054,0.8638008963561409,1
1220,0.8368010900177631,0.8643108927353687,1
1221,0.7687523428523942,0.8643134954866059,1
1222,0.6374413884061678,0.8645086204460601,1
1223,0.5243673192525137,0.8646943566775718,1
1224,0.6693249749250074,0.8647074034522951,1
1225,0.6184117434199934,0.8648736444025716,1
1226,0.680359239710272,0.8650500269196537,1
1227,0.6164527326776015,0.8653547591565641,1
1228,0.5114553779415498,0.8659416920364474,1
1229,0.6827604899863192,0.8661676365656885,1
1230,0.5319250911463593,0.866669622876745,1
1231,0.5190201033392009,0.8670574017910249,1
1232,0.5679509221604784,0.8671116125399706,1
1233,0.5086060242466937,0.8676295111065325,1
1234,0.6905136368193422,0.8678923594078897,1
1235,0.8575280887733762,0.8681897985605646,1
1236,0.8617270325278871,0.8691557270083962,1
1237,0.8492293521586485,0.8692610185493495,1
1238,0.6016519178099193,0.8695879339641053,1
1239,0.6574152960134129,0.8700027967212753,1
1240,0.5564963536954293,0.870852704191244,1
1241,0.5593967349127025,0.8708748342826382,1
1242,0.8138777469686929,0.8710606566350341,1
1243,0.6436375991305682,0.8712255216069473,1
1244,0.5747442043164416,0.8713687765019935,1
1245,0.7147046258793054,0.8718032428393783,1
1246,0.4374705499284489,0.8718382813667845,1
1247,0.48120225082551904,0.8725390601200093,1
1248,0.40162118413429493,0.8728995882367102,1
1249,0.4329160590316453,0.8729840128739075,1
1250,0.6162051559050176,0.8730635071224961,1
1251,0.47566404881911906,0.8731060566393648,1
1252,0.5036632511131864,0.873118206939429,1
1253,0.6243350746950956,0.873483899417148,1
1254,0.38008767827871626,0.8739583342704231,1
1255,0.7563674964676547,0.8742934911028135,1
1256,0.6406278811867282,0.874455804523927,1
1257,0.47950717732578296,0.8753401232462708,1
1258,0.49234292415462444,0.8754086180299805,1
1259,0.8060523753428676,0.8760125209770333,1
1260,0.865881802464224,0.8762915771716383,1
1261,0.37806937258341,0.8764120639594589,1
1262,0.6182695698885289,0.8766399344986128,1
1263,0.5680344273930897,0.8766790684309356,1
1264,0.5531931785590827,0.8767893341288355,1
1265,0.741353591168093,0.8768639623290453,1
1266,0.6155476960000957,0.8769277046520776,1
1267,0.4541601235781181,0.8770435975094731,1
1268,0.4988510155155156,0.8771367041052701,1
1269,0.4502738749103625,0.8771734675584334,1
1270,0.4830720953648783,0.877406513659773,1
1271,0.7543270325079414,0.87750192476203,1
1272,0.5993533087733375,0.8775878979745233,1
1273,0.43912816066209526,0.8776901161564691,1
1274,0.3857895596994906,0.877736842133884,1
1275,0.7524550556304185,0.8778631798418993,1
1276,0.6659898449050808,0.8778943272383852,1
1277,0.7175747139011186,0.8785962798980357,1
1278,0.8084630744388175,0.8789851136791648,1
1279,0.4056441262552589,0.8792832025681114,1
1280,0.5559105734184406,0.879395101403561,1
1281,0.5183768537701748,0.8794731861061401,1
1282,0.6593900432138357,0.879558382455829,1
1283,0.6574152960134129,0.880027884601573,1
1284,0.7147495674988794,0.8804836544367056,1
1285,0.5805112134826306,0.8806383605714391,1
1286,0.8528462571468403,0.880808810478363,1
1287,0.6125473090008141,0.8808721453451115,1
1288,0.6950185392909224,0.8809759865211496,1
1289,0.6536722684470888,0.8810272127632038,1
1290,0.4201540769835438,0.881104169013637,1
1291,0.4330452673311975,0.881240183265565,1
1292,0.5596421779108789,0.8813496920584777,1
1293,0.6861638204102825,0.8813681803945345,1
1294,0.6340645596202378,0.8814537794932296,1
1295,0.4387702983992352,0.881510757683646,1
1296,0.4568979826594223,0.8815312053163046,1
1297,0.8735678273132206,0.8815671014839359,1
1298,0.660795269513859,0.8817279884559533,1
1299,0.6058328147609542,0.8818570430068651,1
1300,0.7678476999027158,0.8820568897837191,1
1301,0.7173324101816662,0.8822170881375776,1
1302,0.8130728295153458,0.8822889834882737,1
1303,0.4985961453334713,0.8823337267030047,1
1304,0.6943388034681003,0.8828740920315117,1
1305,0.5832026117193767,0.883107141696389,1
1306,0.5887804079914493,0.8832081883096272,1
1307,0.6347285227988255,0.8832752725873319,1
1308,0.540014010211525,0.8834521957663368,1
1309,0.843511549453137,0.8834571086483634,1
1310,0.7311875481264837,0.8846714918714942,1
1311,0.5415571552075734,0.8851944606258656,1
1312,0.4720352186422051,0.8852481626670134,1
1313,0.5993533087733375,0.8852684575775782,1
1314,0.7838836034742126,0.8854729441100099,1
1315,0.38789601290795905,0.8860024952092606,1
1316,0.6348745023863566,0.8860811047966166,1
1317,0.6747318173048378,0.8862651805801794,1
1318,0.3872483819549115,0.8868586238925107,1
1319,0.6047545357853649,0.886896074500566,1
1320,0.5071361023264506,0.8871666195815494,1
1321,0.7007789196585149,0.8880097059616177,1
1322,0.5117713503255003,0.8891532522853295,1
1323,0.49349882278374113,0.8893276314984737,1
1324,0.6950185392909224,0.8902008598800373,1
1325,0.7442504295185742,0.8902273575791386,1
1326,0.850886303818026,0.8902564227443814,1
1327,0.5408075823325519,0.8903691699278978,1
1328,0.6651644396174131,0.8906110601113802,1
1329,0.7148332223306715,0.8907898469249953,1
1330,0.4462442087096373,0.8909834051012564,1
1331,0.2736359115549263,0.8910386752410305,1
1332,0.5623099850162242,0.8911252530218332,1
1333,0.5239380063808888,0.8913879308365555,1
1334,0.4779237207617536,0.8914064302240199,1
1335,0.4720352186422051,0.8916111978470799,1
1336,0.541049415627618,0.891745103447751,1
1337,0.4060784644626052,0.8918328901141818,1
1338,0.456380161652598,0.891894040103393,1
1339,0.49769992749704306,0.8919196954585145,1
1340,0.5363651366802682,0.8920490683998444,1
1341,0.5116120978606266,0.8921834547007738,1
1342,0.8130728295153458,0.8924196153063345,1
1343,0.4872694393665613,0.8924294070259866,1
1344,0.7248029819212499,0.8933421753290467,1
1345,0.4504395130551444,0.8933673325961479,1
1346,0.42299562999623797,0.8935993336999791,1
1347,0.6173857709333361,0.8937213612009046,1
1348,0.8707744806080634,0.893934531893616,1
1349,0.5301879456169615,0.8941756641420667,1
1350,0.5254250711800804,0.8942544439499117,1
1351,0.6188641693060558,0.8945308218350144,1
1352,0.671267302791052,0.8950191044073852,1
1353,0.5411625903813813,0.8950222503713205,1
1354,0.5720624093203232,0.8950576841801268,1
1355,0.8079332240010791,0.8953340592034515,1
1356,0.506991889239351,0.8960986379630032,1
1357,0.40434779989992853,0.8962997339688795,1
1358,0.7265466919156899,0.8968592036955626,1
1359,0.6118141854166437,0.8970789036100432,1
1360,0.7002289008528818,0.8972822400940268,1
1361,0.5887804079914493,0.8973205475601376,1
1362,0.7002396978654327,0.8973367994044732,1
1363,0.4830720953648783,0.8977247243665148,1
1364,0.6878327169487344,0.8980864180173977,1
1365,0.5076569050155227,0.8985328518321396,1
1366,0.6548966373561599,0.8987882377598945,1
1367,0.5684034315358858,0.8989808523634457,1
1368,0.6083927067448297,0.8989983759204937,1
1369,0.4399645822003678,0.8992511822949905,1
1370,0.7922698018667289,0.8993817183300242,1
1371,0.700780264500658,0.8994429059279033,1
1372,0.43381790252762453,0.8999141293716033,1
1373,0.8539186360998642,0.900026787849571,1
1374,0.7418761625175606,0.9000932069827366,1
1375,0.6459943792715604,0.9007994415458196,1
1376,0.7301767307173936,0.9009270583244309,1
1377,0.40475246642900564,0.9009520482346224,1
1378,0.7010828748873837,0.901026408701348,1
1379,0.7913919201474293,0.9011357786042768,1
1380,0.5090408321571692,0.9012318463370781,1
1381,0.37556462454681794,0.9013936060783029,1
1382,0.7314428153526871,0.9015645242322948,1
1383,0.6905136368193422,0.9015744923452186,1
1384,0.7121163787497223,0.9017941493562167,1
1385,0.6274877250395073,0.9018683109077502,1
1386,0.6470849107009734,0.9019826455483644,1
1387,0.4647614303253792,0.9022777653753036,1
1388,0.7070555212874782,0.9022963482147709,1
1389,0.5253442910874099,0.9027628330456038,1
1390,0.3975960127235417,0.902862138974861,1
1391,0.6191452431633383,0.9028741759807455,1
1392,0.5559243071508034,0.9029453611878774,1
1393,0.709461194001967,0.9033584780539253,1
1394,0.6103733973408978,0.9039129708435539,1
1395,0.3697746425580639,0.9039584352831492,1
1396,0.471198888070117,0.9044334383691727,1
1397,0.2967571030056718,0.9046182998535759,1
1398,0.5422301929008294,0.9050042149736949,1
1399,0.7753238959943536,0.9053384376521088,1
1400,0.8656223290878702,0.9061030955541478,1
1401,0.5735554596467122,0.9064306465885208,1
1402,0.46743344715717894,0.9065742121661772,1
1403,0.7364002650126412,0.9066552320752982,1
1404,0.4869619787595072,0.9066741421647587,1
1405,0.5985429023514454,0.9067107753408888,1
1406,0.8014276820580895,0.9072534595588371,1
1407,0.6340755294540331,0.9074536228985052,1
1408,0.5588124228414211,0.9077915423879714,1
1409,0.8033568897991458,0.9082065999704858,1
1410,0.45622887410617563,0.9084363938457891,1
1411,0.346980627469371,0.9088452377160209,1
1412,0.3808588166603447,0.909397672616865,1
1413,0.7329712907149358,0.9098219844670231,1
1414,0.3921904927818759,0.910206379585849,1
1415,0.6522780218291375,0.9104282443648243,1
1416,0.660795269513859,0.91096138345905,1
1417,0.6620184241720697,0.9111671630752444,1
1418,0.7239075703640917,0.91131171399717,1
1419,0.8629917710980527,0.9114046450689294,1
1420,0.6069368507207431,0.911669550855053,1
1421,0.46190240434810803,0.9117614512445262,1
1422,0.850886303818026,0.9118751785215254,1
1423,0.6662792723140879,0.9119211166953176,1
1424,0.5461116360628622,0.913711378896699,1
1425,0.4100688207185751,0.9138130926984241,1
1426,0.6093312516618373,0.9139398099533657,1
1427,0.5198001664181858,0.9141343411301298,1
1428,0.8342957394054392,0.9141488620278204,1
1429,0.8130728295153458,0.9142994076452301,1
1430,0.8459572991735665,0.9143682257245672,1
1431,0.5078793646954467,0.9144852592056172,1
1432,0.4824846829696573,0.9147419072905524,1
1433,0.5680156159852338,0.9147482394243318,1
1434,0.7699873301644051,0.9156957328408368,1
1435,0.46754045156784796,0.9159227743722468,1
1436,0.7002289008528818,0.9160123792745724,1
1437,0.5814087840758636,0.9160218960395488,1
1438,0.8014276820580895,0.9167057720665639,1
1439,0.9069161117615414,0.9167952670206192,1
1440,0.8172062063756439,0.9171318565084191,1
1441,0.5390718527733619,0.9171406206723088,1
1442,0.587057766124657,0.9174461850140165,1
1443,0.42707574374302015,0.9181017855983628,1
1444,0.6636431682306102,0.9181595208285626,1
1445,0.674858314679288,0.9181835307980323,1
1446,0.6102034648069229,0.9185952599058899,1
1447,0.38286599536745314,0.9186947522134203,1
1448,0.7662264963246969,0.9187300074830692,1
1449,0.751994500565874,0.9192226037597182,1
1450,0.9145975288665315,0.9194479041023694,1
1451,0.8212349440155723,0.9196521130298286,1
1452,0.7748218941331007,0.9199003280909851,1
1453,0.3495254386760409,0.9199906772097824,1
1454,0.7016738519330123,0.9203536342198776,1
1455,0.5372311207967091,0.9205990471100738,1
1456,0.45074015344701013,0.9206414665369166,1
1457,0.6475477879216164,0.9207449957664988,1
1458,0.6419033932712579,0.9208780376910908,1
1459,0.5016271197674831,0.9210111604506318,1
1460,0.5091542420371589,0.9211832465515295,1
1461,0.2720839845724461,0.9214965945606095,1
1462,0.5877735734739677,0.9219946608657631,1
1463,0.5758183241154803,0.9220566126992759,1
1464,0.26815749550406065,0.9222201680516308,1
1465,0.5805361803167814,0.9223638762544688,1
1466,0.9011029489986175,0.9224427783081335,1
1467,0.3913848942064677,0.922634376179128,1
1468,0.5781460092203096,0.9227941723532712,1
1469,0.4840723896201694,0.922870468611007,1
1470,0.5264866961208094,0.9235754593907903,1
1471,0.41092342765134204,0.9238735121121028,1
1472,0.5223781159755172,0.9239099686408708,1
1473,0.4589845346857562,0.9242917709113488,1
1474,0.7748218941331007,0.9243462923035667,1
1475,0.7821371991379897,0.9244227575374121,1
1476,0.5618054281873698,0.9245058736260737,1
1477,0.8031018744560317,0.925574140505518,1
1478,0.7324134705716858,0.9263583116366891,1
1479,0.573660304798729,0.9264666130392847,1
1480,0.6740486083563164,0.9265524575328066,1
1481,0.6449580881742573,0.9266090307047476,1
1482,0.9067684996056394,0.9271496290233218,1
1483,0.6651644396174131,0.9276538524515859,1
1484,0.6530414431072772,0.9277077237116693,1
1485,0.3126700976795951,0.9280737528161876,1
1486,0.8528462571468403,0.928303292026812,1
1487,0.7798527409346928,0.9285248708574854,1
1488,0.46873809722782145,0.9292522210480255,1
1489,0.6676364584492955,0.9292608948969645,1
1490,0.5661613103731847,0.9294499131220375,1
1491,0.5466268169744172,0.9294959293923225,1
1492,0.5935587926680774,0.9295105175985942,1
1493,0.4880147291083957,0.9297234507620364,1
1494,0.8062146625562319,0.9297601393133891,1
1495,0.569154058252592,0.9298813992582469,1
1496,0.49984140193581683,0.9299223751211178,1
1497,0.7003855036031287,0.9299233003370783,1
1498,0.5562401825996298,0.9304905478847857,1
1499,0.44862825746304924,0.9308220839570547,1
1500,0.8270027251397041,0.9308806956487283,1
1501,0.38190236327882354,0.9314052542683461,1
1502,0.4023202422287816,0.9314728601820054,1
1503,0.4188112884586117,0.9316159505938888,1
1504,0.4798619920895989,0.9318337993455152,1
1505,0.5096324374123471,0.9320831729183598,1
1506,0.5929816683378879,0.9322434858418991,1
1507,0.37806937258341,0.9322516081891528,1
1508,0.7686941263965728,0.9322856413825398,1
1509,0.53907313598511,0.9328446420650462,1
1510,0.5999617129302757,0.9332399163667388,1
1511,0.4827477179853916,0.9334719741645255,1
1512,0.5441476093546772,0.9336971330770376,1
1513,0.5289511312831053,0.9340674858632713,1
1514,0.3890316700301305,0.9341430277601518,1
1515,0.3703336644529275,0.934529094005996,1
1516,0.6697235955184542,0.935364877948669,1
1517,0.7266546957993613,0.9355786892341068,1
1518,0.8536090077324127,0.935898207117903,1
1519,0.8859676411966444,0.9360590694244039,1
1520,0.7434986597048813,0.9362039813491302,1
1521,0.42860633697647466,0.9364611719303353,1
1522,0.39194507909346954,0.9367081104111108,1
1523,0.47667189609803806,0.936767571348389,1
1524,0.2672661357381071,0.9369504252508238,1
1525,0.5558883563636968,0.936968082538253,1
1526,0.4819967008681837,0.9370243211032829,1
1527,0.6745086512999634,0.9370579804125723,1
1528,0.3833721699630388,0.9374735787177798,1
1529,0.5897230282470955,0.9376419206716509,1
1530,0.3657159594400645,0.938025872130034,1
1531,0.32251590281689724,0.9380320751090209,1
1532,0.6360165150754158,0.9383846147767422,1
1533,0.5169219498938895,0.9385512793205587,1
1534,0.4319824596368521,0.9387148984630406,1
1535,0.5649165830090799,0.9391359552059055,1
1536,0.49976254459614655,0.9394228542469737,1
1537,0.7923767719911484,0.9398589880668387,1
1538,0.5817117345609767,0.9399449251111158,1
1539,0.3808687379733705,0.940055993632702,1
1540,0.5940593516405511,0.9402672681583659,1
1541,0.5594618801834748,0.9403293596033397,1
1542,0.9205344730845513,0.9404291717589272,1
1543,0.7278812406771985,0.94055967409938,1
1544,0.6749507631489197,0.9406545052241736,1
1545,0.6070161054005161,0.9408268623782297,1
1546,0.5186947925278291,0.9409452968087895,1
1547,0.6245895607930074,0.9409661695249959,1
1548,0.7090876754155507,0.9410182758889405,1
1549,0.8784825462886757,0.9413297293318013,1
1550,0.4411419556292917,0.9414349832282254,1
1551,0.6196880282958441,0.9416657731153769,1
1552,0.4574560023601898,0.9417779235852795,1
1553,0.7303352209476014,0.9419689494162016,1
1554,0.49620085947583714,0.9422353571763198,1
1555,0.4758715073851303,0.9423451862645692,1
1556,0.34649611017980664,0.9428080402977502,1
1557,0.5068601321420407,0.9428711773664886,1
1558,0.8031195487901692,0.9438466116372862,1
1559,0.7242035509622571,0.944050711441612,1
1560,0.8664258497002546,0.9442342185861891,1
1561,0.5346476715134915,0.9447468135699942,1
1562,0.5984333213946108,0.9448349645720189,1
1563,0.42137049900980583,0.94492919727981,1
1564,0.6980345361322483,0.9450395502355298,1
1565,0.8733606077697067,0.9457561085807626,1
1566,0.7895566880138561,0.9457788916768824,1
1567,0.588680073658251,0.9460342607987972,1
1568,0.5167590448739396,0.9463082428089387,1
1569,0.5036909607242792,0.9467536976217185,1
1570,0.4872694393665613,0.9470306689462399,1
1571,0.49177029965512753,0.9484758111211636,1
1572,0.61463174520369,0.948932812147014,1
1573,0.8121975989739282,0.9490224090894717,1
1574,0.5596421779108789,0.9490419667859296,1
1575,0.5000925301591596,0.9492552701099622,1
1576,0.9178693634582062,0.9502164970566075,1
1577,0.4947465788802472,0.9505891089406556,1
1578,0.6905722134457858,0.9507043382674835,1
1579,0.46435649914761856,0.9512782755827544,1
1580,0.274565453954141,0.9514142890193381,1
1581,0.7498366014374316,0.9516830014720078,1
1582,0.4420501426888719,0.9517740433285214,1
1583,0.6419033932712579,0.9520033980349558,1
1584,0.6460888747077689,0.9520951107748714,1
1585,0.49740117516016347,0.9521064844135617,1
1586,0.3985019123614221,0.9524030551435697,1
1587,0.859729283186382,0.9524988896767828,1
1588,0.8753614384285018,0.9528083709992012,1
1589,0.6000416316534731,0.9530742075476771,1
1590,0.5548059915532714,0.9543810278759931,1
1591,0.5532716661443262,0.9543856756587495,1
1592,0.6016519178099193,0.9544441307332012,1
1593,0.36421899877088837,0.9546250733767943,1
1594,0.7459206671309285,0.9552191634725122,1
1595,0.5557737793831308,0.9552410513091512,1
1596,0.4645861627417974,0.9558115922340162,1
1597,0.6364109146287366,0.9558664941937708,1
1598,0.7243854451331717,0.9559735043817909,1
1599,0.37029951957175555,0.9560384912643612,1
1600,0.7046928777589055,0.9562578997413855,1
1601,0.6062080668145778,0.956375862652676,1
1602,0.7714730067115958,0.9565269897099623,1
1603,0.2376216213550999,0.9569540662650375,1
1604,0.5352227778936277,0.9573105825466769,1
1605,0.43325336046834495,0.9573483328428587,1
1606,0.8612103882603885,0.9574203449565699,1
1607,0.4168826532490708,0.9577995357215813,1
1608,0.422475587885641,0.9579205431305555,1
1609,0.7711760382122145,0.9580522553776382,1
1610,0.7474693976650915,0.9581796388193143,1
1611,0.673644974172518,0.9582345470663156,1
1612,0.5093535587178531,0.958337207832559,1
1613,0.34981613718607807,0.9586673623609682,1
1614,0.5096324374123471,0.9594296162725477,1
1615,0.8414706110810768,0.9597791253783633,1
1616,0.5184663047768613,0.9599931070968853,1
1617,0.46994901994707394,0.9600229962943359,1
1618,0.4643375573979591,0.960139493641787,1
1619,0.7845232175926647,0.9602734418998352,1
1620,0.9176995360563773,0.9605149531187486,1
1621,0.47867458901263626,0.9606428643699269,1
1622,0.7036585526626351,0.9607708367286621,1
1623,0.5386208307300319,0.9609878159985233,1
1624,0.6024372267646502,0.9610668638559107,1
1625,0.8707744806080634,0.9611000735127823,1
1626,0.5755020878715801,0.9611801890667683,1
1627,0.9035025856179113,0.9612548885780352,1
1628,0.931874691156369,0.9613010482586808,1
1629,0.8179995581556727,0.9621844365039011,1
1630,0.7869371582315112,0.9622746061748039,1
1631,0.7410707916751669,0.9626879743354828,1
1632,0.7703985283134047,0.9627212285205128,1
1633,0.6521720291378544,0.9628840079259783,1
1634,0.574664384888295,0.963022805812439,1
1635,0.5422301929008294,0.963255755682901,1
1636,0.4445779435929955,0.9636047549723253,1
1637,0.6323453348726943,0.9637665054210107,1
1638,0.6847614173737745,0.9639197017360519,1
1639,0.5982399638027057,0.9642091830312451,1
1640,0.734777585084518,0.9643327124676854,1
1641,0.46481794552113087,0.9645617352563578,1
1642,0.5452235010307303,0.9648269614141773,1
1643,0.5678884511401978,0.9651533945004016,1
1644,0.49919011908865474,0.965282559842309,1
1645,0.4045840045333896,0.9654543774275065,1
1646,0.4824763798413456,0.9655891102953482,1
1647,0.7915091773306171,0.9656508730804807,1
1648,0.5437251722407224,0.9656765274789311,1
1649,0.5261810152572466,0.96581025126571,1
1650,0.39393259138288905,0.9658774798395119,1
1651,0.6079630805458244,0.9660931390129855,1
1652,0.46994901994707394,0.9661100056802383,1
1653,0.3613106572858128,0.9664468637670712,1
1654,0.4682570649313782,0.9665528256545663,1
1655,0.5603042017549875,0.9668217890269416,1
1656,0.4294437348432787,0.9672997728971025,1
1657,0.5335075756100759,0.9678199889566848,1
1658,0.4990021307030039,0.9682144294418329,1
1659,0.6406296551152425,0.9682393330198641,1
1660,0.6112772829023548,0.9684773362266169,1
1661,0.4642019525785587,0.9687843848396368,1
1662,0.615266422948967,0.968989723689165,1
1663,0.6364109146287366,0.9690746336213176,1
1664,0.4393485458517561,0.9695867420222448,1
1665,0.7050230549513123,0.9697530743418703,1
1666,0.6879394440275284,0.9701983555053509,1
1667,0.6459943792715604,0.9702581194388579,1
1668,0.687670056024965,0.9702582405741769,1
1669,0.6592568403838956,0.9702775703720877,1
1670,0.6616800915817811,0.9703541187793862,1
1671,0.326417294634321,0.9704812906677875,1
1672,0.8179995581556727,0.970514847324239,1
1673,0.48619846911979125,0.9705319300612345,1
1674,0.44166150520466874,0.9706157280381975,1
1675,0.8540522895660624,0.9708569572561135,1
1676,0.3947998256898295,0.9714376319923637,1
1677,0.5415571552075734,0.9714418210564907,1
1678,0.941039067295987,0.9717589775840219,1
1679,0.592691925662088,0.9720076114108805,1
1680,0.5807697794935265,0.9720631552357206,1
1681,0.8212108832208943,0.9721833762747735,1
1682,0.38505940652357007,0.9722720083110569,1
1683,0.8329558187904922,0.9722811654134788,1
1684,0.5113409551881837,0.9723086415217685,1
1685,0.48727465987081087,0.972485773122711,1
1686,0.589495128424356,0.9725773204435175,1
1687,0.6384340194923818,0.972826444824246,1
1688,0.5363651366802682,0.9728459342465744,1
1689,0.6664087009977527,0.973040994061216,1
1690,0.6422463394152607,0.9733352554242278,1
1691,0.8801573389859105,0.9733889804965608,1
1692,0.5377104257128327,0.9734246445184965,1
1693,0.49820157336832327,0.9735594819321546,1
1694,0.43110192050561635,0.9735740954254007,1
1695,0.799958798239257,0.9737765947555919,1
1696,0.3410296242763592,0.9739369027749072,1
1697,0.7535035103724205,0.9739757066948468,1
1698,0.48051519475950466,0.9740265853176882,1
1699,0.6155476960000957,0.974241801482934,1
1700,0.3163396915769211,0.9743307555655183,1
1701,0.7643032677593684,0.9748137216304665,1
1702,0.4830067863269435,0.9749577266271099,1
1703,0.6061398780304975,0.9750780837559937,1
1704,0.6463685833473977,0.9753414940291547,1
1705,0.49055281426407216,0.9757280440851708,1
1706,0.7986718267673902,0.9759390568524825,1
1707,0.5452235010307303,0.9762029915599113,1
1708,0.578485416128192,0.9762725590613033,1
1709,0.4543881521295159,0.9763199230136563,1
1710,0.47211078333775536,0.9764273198516444,1
1711,0.49620085947583714,0.9765535706259224,1
1712,0.4608208641291388,0.9766239885224848,1
1713,0.47287027695539563,0.9772471105604505,1
1714,0.7525593765557946,0.9774303692197202,1
1715,0.6897652549024123,0.9774717164430918,1
1716,0.3663836940573848,0.9775865431331092,1
1717,0.6784594596509701,0.9775896818006351,1
1718,0.5448175088233436,0.9777705610332444,1
1719,0.5969724232460962,0.9778676456557456,1
1720,0.5182636542669624,0.9779019472163393,1
1721,0.4931358808841143,0.977946708287146,1
1722,0.6778207030371775,0.9781928708978598,1
1723,0.42860633697647466,0.9783549754913385,1
1724,0.6119088286570881,0.9783817765686708,1
1725,0.6088653526690997,0.9786576513241424,1
1726,0.9414061536142093,0.9787729456485648,1
1727,0.47401753543043346,0.9788007414851045,1
1728,0.3874050922639566,0.9788940624717878,1
1729,0.4076068016407014,0.9790889567392768,1
1730,0.49558998290721157,0.9792989210096371,1
1731,0.637547286378784,0.9794233812228101,1
1732,0.560393659476419,0.9796213989533752,1
1733,0.5133920893637415,0.9799728233522218,1
1734,0.5417644016292912,0.9803582452318579,1
1735,0.5220503185295404,0.980661043491794,1
1736,0.5384281796276913,0.9809110802558509,1
1737,0.5634998993443912,0.9811284551657531,1
1738,0.5050645245719803,0.9815612088560124,1
1739,0.5543779789678344,0.9815997603955998,1
1740,0.4183558316485705,0.9817242233163714,1
1741,0.3263189769524244,0.9819767290848523,1
1742,0.56170471319214,0.9821638081672645,1
1743,0.49179601477464896,0.9824261955115837,1
1744,0.566534428957107,0.982912670330115,1
1745,0.5917160911112863,0.9831389601832179,1
1746,0.841211948401126,0.9831618419011332,1
1747,0.6449580881742573,0.9834549375569193,1
1748,0.46815575016653543,0.9835260043658958,1
1749,0.5346476715134915,0.9836681169738497,1
1750,0.5286573512598143,0.9838809340058111,1
1751,0.5653925562783267,0.9840799561569705,1
1752,0.5940593516405511,0.9841746864706105,1
1753,0.7733292887044408,0.984178271719672,1
1754,0.7747188681034214,0.9841815618491179,1
1755,0.4824763798413456,0.9842019454534198,1
1756,0.6316635515542084,0.984309195259365,1
1757,0.5743816460143507,0.9843848332449973,1
1758,0.855180588242398,0.9845110891656532,1
1759,0.572453434085649,0.9846847031032685,1
1760,0.44445571056299304,0.9847684510430266,1
1761,0.5135708848689167,0.9851049642354116,1
1762,0.4393309133656762,0.9851085982903587,1
1763,0.6780686472984566,0.9852019132709651,1
1764,0.629207585662583,0.9856075042810725,1
1765,0.8522115598884888,0.98561977030629,1
1766,0.4581679444778577,0.9857374706736088,1
1767,0.7241249779278466,0.9858054565969135,1
1768,0.4572548647145349,0.9859012195828413,1
1769,0.5589896329142857,0.9859197915527014,1
1770,0.49527540625044864,0.9860227465711279,1
1771,0.49487329527781776,0.9860520894018971,1
1772,0.3900045863660714,0.9863740678774203,1
1773,0.4827927172196317,0.9864647546011569,1
1774,0.5646114268664001,0.9868961493703057,1
1775,0.44382820717091986,0.9872118595308472,1
1776,0.5688180073188446,0.9873543110544526,1
1777,0.5020292202075407,0.98741947388957,1
1778,0.456380161652598,0.9877262701430941,1
1779,0.7585366574450255,0.987767821510527,1
1780,0.40161430403079046,0.9879359747051473,1
1781,0.5190201033392009,0.9881660169820097,1
1782,0.5569791300858471,0.9882466300048232,1
1783,0.6087365940344057,0.9882851990426865,1
1784,0.4044974926010907,0.9884099852229542,1
1785,0.5663956510494096,0.9889760946202009,1
1786,0.9054958984248188,0.9890765672478217,1
1787,0.4902471729627331,0.9896180207265383,1
1788,0.5235975964538659,0.9897308114785011,1
1789,0.49642645984083567,0.9899726592257163,1
1790,0.4544873668845657,0.9902868770335909,1
1791,0.4016321122547237,0.9904774124633049,1
1792,0.4568979826594223,0.9904833034405435,1
1793,0.4487362713888956,0.9905200091949821,1
1794,0.45493095023525765,0.9907771854241326,1
1795,0.36489778349260515,0.9911499886946104,1
1796,0.6209679341730273,0.9917741839932622,1
1797,0.4261431350855668,0.9919039352962284,1
1798,0.40481855424021584,0.9919943468267399,1
1799,0.4981496554382052,0.992272056229305,1
1800,0.589495128424356,0.9922921764714948,1
1801,0.5629681342279684,0.9929700208860656,1
1802,0.8423862339666505,0.9930111916236127,1
1803,0.4444968018596266,0.9932060506043852,1
1804,0.6785090982453159,0.9933277378046456,1
1805,0.5105848822302906,0.9933738423199343,1
1806,0.4251213315981115,0.9936601665686892,1
1807,0.47654697266231294,0.9936605152563543,1
1808,0.5564963536954293,0.9937319916180022,1
1809,0.29554148424696103,0.9943309578680766,1
1810,0.4391340533825244,0.9946195637927292,1
1811,0.580141122630788,0.9949473367608622,1
1812,0.24434994815942468,0.9950403283276776,1
1813,0.43149232483419053,0.9956234817180772,1
1814,0.45768743106567544,0.995633382366862,1
1815,0.5244034592338749,0.9957229795744122,1
1816,0.49912905656432316,0.996093887758723,1
1817,0.4092518702271518,0.996156471713657,1
1818,0.42853574357447366,0.9961786478368433,1
1819,0.33894554983410696,0.9961917280384146,1
1820,0.4622303558164743,0.9963213785809941,1
1821,0.4462442087096373,0.9966121607907457,1
1822,0.4964146368789283,0.99690384282834,1
1823,0.3904522877252603,0.9969582277033459,1
1824,0.4798619920895989,0.9970153449160687,1
1825,0.4612748374248943,0.9971048624634024,1
1826,0.4337125018200786,0.9972206196308068,1
1827,0.4380341021861899,0.9975277028269757,1
1828,0.4547019107523289,0.9982862367430372,1
1829,0.45074015344701013,0.998423787585758,1
1830,0.4542622551323673,0.9987620811500661,1
1831,0.41469249526103114,0.9989429315363844,1
1832,0.433824490848551,0.9992251408808356,1
1833,0.40162118413429493,0.9994177044380652,1
1834,0.3735393270940116,0.999839832926777,1
1835,0.00018877032002251326,inf,0
1836,0.40387230492796555,inf,1
1837,0.4151386451022746,inf,1
