,Birth,Death,Dimension
0,0.03530883916396421,0.04239699847053813,0
1,0.022563359565477947,0.043453004018161656,0
2,0.03451221491269607,0.04386102633146405,0
3,0.011356087493950673,0.0481417141210253,0
4,0.019741944664577238,0.04818949832170594,0
5,0.028495614610843156,0.053887708087438924,0
6,0.03139608986768683,0.057819088124810514,0
7,0.011019365032374329,0.0585648202501412,0
8,0.03747797209472914,0.06629049672079745,0
9,0.04674047342363796,0.0737159141421928,0
10,0.050254324773961856,0.07455002218196838,0
11,0.04866723607142365,0.0823512242832436,0
12,0.024676482258215948,0.08338220905247584,0
13,0.08251123874214861,0.08349915127594454,0
14,0.07151488367697967,0.08637997035691525,0
15,0.05606857040288782,0.08787971579709686,0
16,0.04923390017254026,0.08952285198103094,0
17,0.06125541818501601,0.09483641202060467,0
18,0.028661754760635594,0.1013521182840742,0
19,0.06314091348052486,0.10326715431040867,0
20,0.09801092447929127,0.10351908858658643,0
21,0.10141734765831756,0.10442974886012824,0
22,0.056133667850903346,0.1052874841392496,0
23,0.02848796362903705,0.10823588387701966,0
24,0.06575442160207379,0.1096865238669853,0
25,0.05373263221001112,0.1108747163611169,0
26,0.020426883721168743,0.11124355543489206,0
27,0.024315020928986297,0.11346556310446532,0
28,0.019938366749018943,0.11461909086371191,0
29,0.01444110311586222,0.1150706340451495,0
30,0.018611020429034064,0.11591508799788719,0
31,0.08328743869011579,0.11710556168485164,0
32,0.06153610959294198,0.11907018517342693,0
33,0.07963127122630775,0.12097285971003646,0
34,0.036593265272252484,0.12193619972380332,0
35,0.05747456316036037,0.12276195778063326,0
36,0.11666089621081921,0.12329414753655732,0
37,0.01632508356140694,0.12463930325154216,0
38,0.012978322996158531,0.12502144791048253,0
39,0.02496574145547248,0.12660111392911266,0
40,0.0642125652777582,0.12668257995566135,0
41,0.04519243427470765,0.12668257995566135,0
42,0.04649228600818445,0.13272228186068513,0
43,0.12285417897409234,0.13273511045952768,0
44,0.008675214347699911,0.1375036659613983,0
45,0.031423093968439786,0.137982374882757,0
46,0.07996367303684859,0.13863498852506007,0
47,0.06552248941881267,0.1397735461858497,0
48,0.06186018751647471,0.14251147420279242,0
49,0.05744661355159997,0.143144465196285,0
50,0.12581270953509782,0.14476899553812372,0
51,0.12254712322441641,0.14478247872856198,0
52,0.05782168779667973,0.14492338712433595,0
53,0.137982374882757,0.14772293292729954,1
54,0.12712101585656133,0.14775481789110068,0
55,0.09121924404811987,0.1484023216647763,0
56,0.05935572712245296,0.1484023216647763,0
57,0.12379600629307497,0.1484317636276279,0
58,0.05534973199627591,0.14918716045636904,0
59,0.040673748120964914,0.15075530167155193,0
60,0.10741644819138729,0.15096844238976737,0
61,0.08149705808034335,0.15211918102123123,0
62,0.050365497811329485,0.1523350776132324,0
63,0.03942769003037039,0.1537192041062374,0
64,0.09789827623957359,0.15519831356139957,0
65,0.1510672444445652,0.15594360594193557,0
66,0.05262101760721549,0.15631379514580912,0
67,0.13226687115895652,0.15717707761651256,0
68,0.030558708317777072,0.1604395112996826,0
69,0.015801188453183457,0.1604758020716972,0
70,0.08981524935509355,0.16095877301861028,0
71,0.12425056950091451,0.1613919512859754,0
72,0.10620533625988904,0.1613919512859754,0
73,0.0899990334232239,0.16181311799978815,0
74,0.05994645994083625,0.16232273101933248,0
75,0.051231385434967636,0.16232273101933248,0
76,0.12546199154376203,0.16339969498636475,0
77,0.0971927998928549,0.16548539293361308,0
78,0.04875250441554302,0.16668486763974555,0
79,0.06815128140263171,0.16681378439328376,0
80,0.08703791921015858,0.16771464687854087,0
81,0.1548536082821682,0.16860952473521196,0
82,0.15834146844312658,0.17073973985704172,0
83,0.04447128581220394,0.17157508316450854,0
84,0.08882519157108915,0.1720226652717134,0
85,0.1010558925563042,0.17307175658448948,0
86,0.035864634276769225,0.1735907635338101,0
87,0.08710154838188688,0.17374950754368435,0
88,0.10156722339071445,0.1748466257667377,0
89,0.04507389315985755,0.1748466257667377,0
90,0.12545634605615708,0.1773095235723402,0
91,0.13481074211981126,0.17746402862631294,0
92,0.11630457413910278,0.18107207522754165,0
93,0.094488219172145,0.18157277001570826,0
94,0.14379186661603627,0.18183855731422727,0
95,0.10867611590930726,0.1819636803302207,0
96,0.06563189116238355,0.18258601066807667,0
97,0.11435555149432897,0.18328921520719155,0
98,0.06370771919468599,0.1837078702599242,0
99,0.07648672220322406,0.18394757448346244,0
100,0.0377176061639497,0.18424058071534977,0
101,0.09676655330048434,0.18451357645685385,0
102,0.12824817059139615,0.18606233161088703,0
103,0.0719677306163038,0.18804850143818286,0
104,0.02186519409263965,0.18894084790464327,0
105,0.06765343083045072,0.18927420169223408,0
106,0.07187881778932936,0.1898405829147053,0
107,0.03693480627651369,0.19034867290991875,0
108,0.16616117509887707,0.19052376771403612,0
109,0.025804260308909033,0.19127930495441792,0
110,0.03859685710693683,0.19127930495441792,0
111,0.07098601817075145,0.1919957807178363,0
112,0.0784567101627156,0.19212261907975514,0
113,0.04430142856117525,0.19212261907975514,0
114,0.07934466754241443,0.19437321920833206,0
115,0.03856007906934433,0.1945909564118269,0
116,0.09723306310059765,0.19840273118212282,0
117,0.08105748121466005,0.2018588407716131,0
118,0.05961403690367262,0.20499040767187704,0
119,0.1366114388540386,0.20561793717418742,0
120,0.13872864029429488,0.20604238758549331,0
121,0.07897186424613223,0.2076248095453216,0
122,0.13398022064156734,0.20765748445192067,0
123,0.12505194531097763,0.207742995440665,0
124,0.07206272661085678,0.207742995440665,0
125,0.024340964258404374,0.20782172876684646,0
126,0.08863801781233582,0.2078535591520273,0
127,0.020733632088203557,0.20991067346761516,0
128,0.1935450222045827,0.21032531461867376,0
129,0.08700290034967206,0.21049226953534583,0
130,0.1521644479464962,0.21100146841575462,0
131,0.053209922040837965,0.2114256627459542,0
132,0.2112274102598357,0.21164475060604537,0
133,0.15993832740810454,0.21164475060604537,0
134,0.20890689531850515,0.21282051558213255,0
135,0.1856101994944822,0.21343694529327162,0
136,0.10282407509741287,0.21351741984999273,0
137,0.20624986812707546,0.2155075461993856,0
138,0.010880522475574694,0.21574452404825917,0
139,0.1827210796154175,0.21578569567441408,0
140,0.029976955218649404,0.21888661696292766,0
141,0.0910996952976737,0.22086541557763684,0
142,0.07131608161611924,0.22093088616643186,0
143,0.1743333632250721,0.22114537906947707,0
144,0.060965427366945435,0.22204952972427094,0
145,0.04203331818564571,0.22204952972427094,0
146,0.07901090316208159,0.22224227909334637,0
147,0.15180477726738606,0.22275066356456263,0
148,0.015410507213114433,0.22425510064402532,0
149,0.08502644857640262,0.2253406880853207,0
150,0.22481936984363116,0.225914521345576,0
151,0.016756852635930075,0.22618872442544757,0
152,0.14938397067113007,0.22671079473805256,0
153,0.025832996764831195,0.22677594907160192,0
154,0.19387286147195637,0.22677594907160192,0
155,0.13078365361864275,0.22696166957575092,0
156,0.0521804770410621,0.22730037543481207,0
157,0.05445454261217131,0.22802777593665458,0
158,0.08712012781741096,0.22818356340022827,0
159,0.040655628768636265,0.22934910574242107,0
160,0.02386295174100217,0.22934910574242107,0
161,0.019009897472009096,0.22938262402176313,0
162,0.1925451391403914,0.2296454966809537,0
163,0.14545645999470624,0.2296454966809537,0
164,0.03005762668354306,0.23041711358408334,0
165,0.08636472077295831,0.2314482499216367,0
166,0.09616696276467507,0.2336925325087238,0
167,0.10402202435129859,0.2338134266631281,0
168,0.012067142332329861,0.23468241100579978,0
169,0.05381896919804163,0.23511281767555436,0
170,0.02060792287652924,0.23539522660717938,0
171,0.16582126472562397,0.23620815430394648,0
172,0.14267543002579708,0.2366589223672625,0
173,0.020041654784449303,0.23715484415546983,0
174,0.09065186297330197,0.2381644467193964,0
175,0.10869311361189116,0.23821818656866267,0
176,0.17264648489031686,0.23937478877690954,0
177,0.0660123143571184,0.23979016521600305,0
178,0.0808979608410283,0.24020551596552542,0
179,0.14510088469647886,0.24058167128304608,0
180,0.1829562894684641,0.24090193938009397,0
181,0.1319388680407535,0.24095597284561832,0
182,0.02799172036833175,0.24126649135281852,0
183,0.22563688936865145,0.24130446810207118,0
184,0.03233872858039122,0.24296469563036527,0
185,0.10941539672003175,0.2433211365046013,0
186,0.08239970609238689,0.24458014704854092,0
187,0.009034806259755612,0.244826136882756,0
188,0.03574954397586927,0.24520392146650494,0
189,0.05193653369931939,0.24585726220624937,0
190,0.06403007558592755,0.2461238839382891,0
191,0.07139103363362342,0.24655314254552474,0
192,0.14813698947678866,0.24655314254552474,0
193,0.06518566480472898,0.2468729722065871,0
194,0.14460425961368306,0.24826686206735238,0
195,0.007986750584017321,0.24941248071636113,0
196,0.07354202260650766,0.2503786803354817,0
197,0.12002497461133776,0.25067614066941013,0
198,0.16761910976987593,0.25110566794938927,0
199,0.16815148592716123,0.2515468909755272,0
200,0.006529085464113238,0.25310106767342755,0
201,0.11740621128010875,0.2538650439062077,0
202,0.04769960203314638,0.25434374064365295,0
203,0.05196769202290841,0.25434512300601264,0
204,0.058268397619502865,0.2544873052221942,0
205,0.1973476521525115,0.2544873052221942,0
206,0.025541495555682303,0.2553888511437965,0
207,0.029456549404605625,0.2553888511437965,0
208,0.03492211257014066,0.25580567901946794,0
209,0.11550811319288112,0.2558450893561832,0
210,0.08430104438137997,0.2564663339057599,0
211,0.03453629020327165,0.2565843256888821,0
212,0.16755069669779843,0.2567297633760689,0
213,0.015471290407396698,0.2570306809675824,0
214,0.004102303132063723,0.2570306809675824,0
215,0.026673821768948724,0.25725622081495214,0
216,0.044605067465293136,0.25729000639411126,0
217,0.06413245337080076,0.2573502101663868,0
218,0.16200703681363948,0.258331109510089,0
219,0.015520094841441123,0.2600820591306736,0
220,0.039130910395075436,0.26433569632872655,0
221,0.16906369888914474,0.2657625999997175,0
222,0.059175186178164974,0.2676838079457051,0
223,0.07021815778795926,0.2677032292763819,0
224,0.25858074041630275,0.2679452096634788,0
225,0.14094102994837143,0.2691273887872656,0
226,0.008460765816405313,0.27008724821852925,0
227,0.07224925224325318,0.27177139270961226,0
228,0.05325251364134309,0.27207389819754413,0
229,0.026317022965539727,0.2727937422487976,0
230,0.003283042715098272,0.27359551365742474,0
231,0.0238907080252585,0.2744688952251043,0
232,0.23664019692147698,0.27523718095170924,0
233,0.004102564450503388,0.2756793058221122,0
234,0.016533754762261266,0.2757716091674849,0
235,0.018104839800852646,0.2759492840250536,0
236,0.1478564050220318,0.2765012481587893,0
237,0.18948951843606188,0.2765012481587893,0
238,0.041410990866870945,0.2770724410601302,0
239,0.1834135150830838,0.277207946686281,0
240,0.013630065747000653,0.27723358739791615,0
241,0.07495565452956443,0.2784959587921153,0
242,0.2486766094600923,0.2786382830265932,0
243,0.23828418777386284,0.2786751850610718,0
244,0.04696269170254164,0.278691581336333,0
245,0.17851747473206592,0.27912605073242236,0
246,0.10546378878093732,0.2802296023106593,0
247,0.12254467498566735,0.2812299059935195,0
248,0.04362489986520601,0.2812299059935195,0
249,0.07884639122009751,0.2812528446958331,0
250,0.14353886007696492,0.2812528446958331,0
251,0.16196638344972936,0.2826055846677237,0
252,0.06468126957057219,0.28326800270471875,0
253,0.011288873380454478,0.28332914380302565,0
254,0.14550958902794853,0.2845639765114977,0
255,0.16955708698436744,0.28484544339680895,0
256,0.02466724326405134,0.286958005796059,0
257,0.016040050644504533,0.28701155972894565,0
258,0.04487665426421983,0.2889714549215596,0
259,0.2322914077861593,0.28908016706127704,0
260,0.015717871079237167,0.2895010809622912,0
261,0.13652404648397287,0.2895550102710569,0
262,0.06253748365767553,0.2897529204727971,0
263,0.17577350001937198,0.2899987682449561,0
264,0.08116995507847724,0.2912737680002311,0
265,0.04661009033883101,0.29141634677568606,0
266,0.0507445886611253,0.29147669310351043,0
267,0.05298953658618577,0.2928105273796986,0
268,0.04029821846324477,0.2929109634304683,0
269,0.054382930849340205,0.29337055917268917,0
270,0.009971473773195405,0.29375214020814366,0
271,0.06454149703259515,0.2943225979253805,0
272,0.011673848461551395,0.295744515319709,0
273,0.005586192391585643,0.29593459944557243,0
274,0.15722996128109357,0.29639732010986763,0
275,0.10590718927955656,0.29675781787314737,0
276,0.017411174216974246,0.297461710376143,0
277,0.14640998235953062,0.29764218780503404,0
278,0.17902971899074627,0.29808720554265855,0
279,0.08320755632588717,0.29808720554265855,0
280,0.0821023732444156,0.29811643136706323,0
281,0.20011556025322075,0.2996389985638124,0
282,0.25367227001346193,0.299736978935663,0
283,0.1698549611259672,0.2997784769491948,0
284,0.15514331319445707,0.3000913036983073,0
285,0.03505532616239382,0.30017732557699617,0
286,0.11314807786406522,0.3005241875540591,0
287,0.09504532286878042,0.3013150133853244,0
288,0.24602535654805247,0.30180201339663804,0
289,0.05539177924833938,0.30180201339663804,0
290,0.025150353563532346,0.3025654338395457,0
291,0.07662910620468044,0.30301552457357084,0
292,0.1655687243088243,0.30316266226644295,0
293,0.09802744523795703,0.30316266226644295,0
294,0.07528381007916496,0.30377386304680454,0
295,0.24095597284561832,0.3038708568942181,1
296,0.12542776729412874,0.30394815897511307,0
297,0.05867487681435979,0.30463139087033686,0
298,0.19785831744014803,0.3048273042090348,0
299,0.03894244159306359,0.3048273042090348,0
300,0.1488343675691618,0.305010238617236,0
301,0.09896948273794148,0.3054321449446362,0
302,0.038874645451209444,0.3054321449446362,0
303,0.05996128632029363,0.30571160457523827,0
304,0.2264827685382642,0.306032555086417,0
305,0.07039300028545747,0.3064277377864121,0
306,0.08007198512157276,0.3073346320748028,0
307,0.17017726981286807,0.3074511219113788,0
308,0.07258317537723558,0.3074511219113788,0
309,0.09825338705888742,0.3075915465879726,0
310,0.022882084494310728,0.3082405296641356,0
311,0.05476270933095351,0.3095747999800281,0
312,0.05647382549117863,0.30984526865706363,0
313,0.01640221755938087,0.31028818377076206,0
314,0.12663261832865091,0.31038789505226383,0
315,0.23383125505918978,0.31174293740643144,0
316,0.08774252816393002,0.31200868724648045,0
317,0.13794990626291104,0.31200868724648045,0
318,0.29533972626592864,0.31308740397017976,0
319,0.008162211056538138,0.31556461651817136,0
320,0.1862444505806925,0.3160657829166267,0
321,0.12519336692138938,0.3165798550936987,0
322,0.03384413229601502,0.31691061977462565,0
323,0.09504555582730068,0.3171129195241965,0
324,0.005767549492146307,0.3175112903867542,0
325,0.03873330318792911,0.31889727642041577,0
326,0.0366676440582715,0.31941643587237734,0
327,0.2487221542766933,0.32001314844875284,0
328,0.31029344565364203,0.3203526915930719,0
329,0.02872832473090503,0.32061316143652085,0
330,0.16236107211679673,0.3206361420108724,0
331,0.017895689812822968,0.32088525229915055,0
332,0.10011716633895662,0.321485142144986,0
333,0.006556580450176819,0.3218888394229398,0
334,0.1802783945357611,0.3224236828282414,0
335,0.027427607765288742,0.3244173470028602,0
336,0.11022028069836554,0.3245488121406551,0
337,0.04205313722805759,0.32498476544329913,0
338,0.08788958950424863,0.3260142615826904,0
339,0.21738221593366558,0.3263193249613139,0
340,0.3026715079429959,0.3265330664032049,0
341,0.013433552819038685,0.32734060664462417,0
342,0.1229142033249706,0.32745729401355494,0
343,0.04397438037312096,0.3279842959760424,0
344,0.019019870639053194,0.32828339317593425,0
345,0.24447641430487077,0.32828339317593425,0
346,0.10410531790685884,0.3283096787257773,0
347,0.00689974682657124,0.32857677560690324,0
348,0.03563014701662337,0.3287283802965514,0
349,0.03702637192935654,0.3288384983348177,0
350,0.22622983558496368,0.3290599180730802,0
351,0.16547364038969092,0.32915117192319,0
352,0.09574779513335618,0.3292222617405157,0
353,0.018122677456498426,0.32934364733491506,0
354,0.02592561367412549,0.3295114333639757,0
355,0.004988606610159985,0.3313529569229432,0
356,0.1080869002811381,0.33343390184054844,0
357,0.1220464387912209,0.33343390184054844,0
358,0.2744676246767318,0.3354782860352429,0
359,0.02745288024822279,0.33621866258565425,0
360,0.08698755246265977,0.33688582600006023,0
361,0.13606090405373872,0.33733084286250425,0
362,0.008974668535011499,0.33733084286250425,0
363,0.040137976950962106,0.33836898095582235,0
364,0.2934281014452049,0.33849668118842824,0
365,0.007146407718193415,0.3385788841347338,0
366,0.11597325359894073,0.3390274251902091,0
367,0.08084343571296781,0.33911717814726094,0
368,0.03435228948315017,0.34020431464844314,0
369,0.08222523042225038,0.34063085732530207,0
370,0.04929234320437048,0.34110471744658455,0
371,0.26462540624089304,0.34161900802952916,0
372,0.14016924579302292,0.3420933466197247,0
373,0.012193045872723962,0.3422642458786159,0
374,0.004842303847388818,0.34320326368489606,0
375,0.018447532495733165,0.34326362349273287,0
376,0.15913028543320262,0.3439286287123626,0
377,0.00998736125123656,0.3449715352365528,0
378,0.026004566650328464,0.3452992984475721,0
379,0.21217893246694786,0.3461587728890907,0
380,0.02098366562809295,0.3462464424092875,0
381,0.2806095770071434,0.34625201088748336,1
382,0.004009267810397232,0.3465935803811464,0
383,0.08993644301922521,0.3470358081261613,0
384,0.2190642794763764,0.3470743249968319,0
385,0.008640930415698467,0.3470903614519222,0
386,0.12072194141677983,0.34709538721076827,0
387,0.0229281340923273,0.3478595454977239,0
388,0.012459702639429415,0.3480977425962163,0
389,0.004530557440983962,0.34911371662471735,0
390,0.11299470917707044,0.34911371662471735,0
391,0.11504211613801707,0.3492621315960919,0
392,0.024350816527102914,0.34933053360610467,0
393,0.028492225614969446,0.35070578206234504,0
394,0.014837903417715403,0.35070578206234504,0
395,0.07976592533995819,0.3507569460049028,0
396,0.0036348483981221147,0.3512183629881933,0
397,0.3024730396780373,0.35124138411864825,0
398,0.15915331215320005,0.35226865320585343,0
399,0.2913307575443651,0.3527298924974388,0
400,0.00693581576979041,0.3534698528700979,0
401,0.3420549716437137,0.3534698528700979,0
402,0.027228735511571456,0.35387477667445244,0
403,0.1454771360848881,0.3540051477709121,0
404,0.09316215832832764,0.35459788932752634,0
405,0.21082181035684266,0.354857377196541,0
406,0.24734836060946264,0.35540272934139494,0
407,0.05232434876142922,0.35540272934139494,0
408,0.03785553360491345,0.3556495594337715,0
409,0.003876543018077716,0.3567550643871291,0
410,0.07385564553830526,0.3571848467376456,0
411,0.2916252633082723,0.35883110814788954,0
412,0.02603190478653805,0.3597766840647034,0
413,0.20453915711799964,0.35986176439849116,0
414,0.05141486730495726,0.36025414212929174,0
415,0.0031208787649602554,0.36056027577638594,0
416,0.021857694739310762,0.36070791684462544,0
417,0.0035933876454666835,0.3609766053292589,0
418,0.034243151840309016,0.3618454158718404,0
419,0.04046327315943099,0.3618454158718404,0
420,0.23153886481151165,0.36371191906406286,0
421,0.03453506314706034,0.3643752131116962,0
422,0.2665581638277409,0.364617070613083,0
423,0.009604745354441224,0.36522001499204293,0
424,0.05444186437449938,0.3653833730854844,0
425,0.013664792738633635,0.3654297756378504,0
426,0.3630028455050327,0.36591795058515264,1
427,0.325946504053072,0.36686099731169053,0
428,0.11043332250315496,0.36695027275690384,0
429,0.18277199499410757,0.3674325620848349,0
430,0.28556869403300267,0.36754159704788747,0
431,0.020271038028059185,0.3678324997192953,0
432,0.06433225489610994,0.36784364135238956,0
433,0.2671363328474379,0.36833953869075564,0
434,0.16544354598775857,0.3683953860777658,0
435,0.1561782501385448,0.3686260462328167,0
436,0.0873909012681856,0.36946088185881054,0
437,0.11403291394608595,0.37022837959422517,0
438,0.18859162931897522,0.371503326910506,0
439,0.007014963401984153,0.3723262126975575,0
440,0.0851783466530529,0.3726688500622277,0
441,0.3064277377864121,0.37302217528929904,1
442,0.2836913730639363,0.3754616242325516,0
443,0.3465734541355052,0.3765301008809364,1
444,0.09835181816641914,0.37779931555803425,0
445,0.04751645543363925,0.37779931555803425,0
446,0.24298359944727943,0.3790488609137198,0
447,0.106347604886871,0.3791473650219159,0
448,0.058262400613108944,0.37956512014377697,0
449,0.13913748302303275,0.3799304226520742,0
450,0.06999150418891564,0.3800945913944681,0
451,0.16328181631820182,0.38024243491870524,0
452,0.1893595695836735,0.3807692505322581,0
453,0.00022889659689451225,0.38308271893223533,0
454,0.30810489299399524,0.38408025884991415,1
455,0.37521938869780325,0.3847760527408258,1
456,0.28166237421307017,0.3848546920377528,1
457,0.3521194209497739,0.3859578243872128,1
458,0.04814706945583225,0.3870428748950223,0
459,0.33651909172938577,0.38758435309199857,1
460,0.008617840165065394,0.38768729102736643,0
461,0.001569824859053881,0.3889443069819999,0
462,0.05516186813856183,0.3894633070494087,0
463,0.00028726679633339636,0.39013773523571005,0
464,0.08524565563029951,0.39125047099075283,0
465,0.0024525635101892984,0.39250019739134123,0
466,0.158956779537351,0.39302627545085456,0
467,0.011885358230736442,0.3931109330530683,0
468,0.003891567116769523,0.3943185675633275,0
469,0.06572300012205357,0.39753007447533206,0
470,0.13007291347764505,0.3981455567464973,0
471,0.36168007057165796,0.3981511975887094,0
472,0.004363349494775792,0.39869128610515714,0
473,0.12904052745139272,0.3986973285240324,0
474,0.002886737198211198,0.39889397298339135,0
475,0.02921556510597534,0.3995202896579175,0
476,0.15432815596941596,0.40102405586882073,0
477,0.18009349496179838,0.40109652991877887,0
478,0.1803693512065434,0.40134616978151416,0
479,0.006441543048132603,0.4015758180418384,0
480,0.2173403938927574,0.40206555508236963,0
481,0.02992932243937907,0.4036844732456347,0
482,0.028346403300140932,0.4049469711492909,0
483,0.004414869203239524,0.4051880060033791,0
484,0.043274518990734534,0.4057119446343528,0
485,0.017147711362850204,0.40577393115792926,0
486,0.3542430310596961,0.4065875856382769,0
487,0.01326810519916033,0.4071310007960146,0
488,0.09541640219816472,0.4071310007960146,0
489,0.20279077216186747,0.40724358306664843,1
490,0.2955527661452394,0.40726085524214906,0
491,0.006009408791307291,0.40817501767261133,0
492,0.08040226877867451,0.4083040148512588,0
493,0.06101359101752579,0.40835929980388086,0
494,0.05478500110765527,0.4083766096006991,0
495,0.28891062955158275,0.40876718507049936,0
496,0.12801490020751627,0.4089359844864734,0
497,0.07164808687544133,0.4106181049961367,0
498,0.01005417208686954,0.41235878569828854,0
499,0.06297613304127125,0.41418700957725507,0
500,0.041955380007536736,0.41419091166643196,0
501,0.38618096534932134,0.41469650280847603,1
502,0.0004726337381645296,0.41483466625979637,0
503,0.08271428364268574,0.41515440268949966,0
504,0.3882306657377447,0.41541330080843486,1
505,0.21367540920586015,0.4158695243275612,0
506,0.32872278240347375,0.41667497732620284,1
507,0.10476547205102238,0.4184197988893532,0
508,0.02658498688152966,0.4190270983319835,0
509,0.1043484353851507,0.41930658903710916,0
510,0.3521194209497739,0.4216354567161802,1
511,0.23634965943807484,0.42246739355626184,0
512,0.21101185708891557,0.4225822517227904,0
513,0.09099089159136131,0.4227673268429861,0
514,0.02789668171876425,0.42351398312437505,0
515,0.3687018618250435,0.4236204588138528,0
516,0.12178991839179021,0.4241954210815373,0
517,0.27258388556547575,0.4246149591385834,1
518,0.2711349063388774,0.4247571366167118,1
519,0.11880056839151809,0.42508642738566405,0
520,0.3920611381536847,0.42512357964986713,1
521,0.10072305563155426,0.42656507764321694,0
522,0.009621260122642528,0.42686398253554036,0
523,0.01742576733843426,0.42840312672177383,0
524,0.047538427244596004,0.4300252040486975,0
525,0.035182776491525014,0.4319943516110789,0
526,0.04404551516931132,0.4327349449518201,0
527,0.09890638807435648,0.4332481638185015,0
528,0.2131615681057445,0.4341363296375663,0
529,0.21918683434281472,0.43514572821136666,0
530,0.11777984441587896,0.4352111782338248,0
531,0.023258924869753117,0.4353000755741706,0
532,0.13919030515779374,0.435973037002617,0
533,0.4300252040486975,0.436612410499445,1
534,0.05126773283750863,0.4382574998777933,0
535,0.2125600589412292,0.43829433156827546,0
536,0.03739567940153954,0.4388338573872247,0
537,0.43419695918413403,0.43884374043210905,1
538,0.4318026397485756,0.4393598254110511,0
539,0.09328386819272316,0.43971344174783145,0
540,0.3382595705806868,0.439879083085735,1
541,0.003912889649653861,0.4399888267785702,0
542,0.3196169150380599,0.44110147064545624,1
543,0.05882538284973837,0.4419368546550021,0
544,0.28255595940027123,0.4427661314274428,0
545,0.27258388556547575,0.44467999224775245,1
546,0.036708875993189394,0.44714665692267774,0
547,0.3624546934510857,0.4487408667002176,1
548,0.14224661759905066,0.449296764857791,0
549,0.012355684840252068,0.4514721609473883,0
550,0.036273755696113574,0.4523225454245696,0
551,0.02664524808016533,0.4551004884394372,0
552,0.24253378143013804,0.4561923200164365,0
553,0.07150890844735558,0.4562279975318998,0
554,0.23935907592466787,0.4575642386767821,0
555,0.05602369225263881,0.4577292620031135,0
556,0.22161529897531396,0.45775949606383803,0
557,0.2593890770863281,0.4626385071654664,0
558,0.3115417880571223,0.46397257932299985,0
559,0.0736287035535389,0.46631770006446427,0
560,0.21578673892486788,0.46652388381109033,0
561,0.42614552073791934,0.46741323926990674,0
562,0.10878187398995864,0.47166295269900504,0
563,0.36926343016907903,0.4736301190238782,1
564,0.23229244499072998,0.47521895424025185,0
565,0.45985638445738697,0.4766246001388458,1
566,0.02047972017541011,0.4804934945096315,0
567,0.17550851995305017,0.48099932013371294,0
568,0.032884433668739166,0.48163857162318446,0
569,0.4091564475058772,0.48279614913159086,1
570,0.000612918548049457,0.48331479233712815,0
571,0.0978499814631647,0.4844896732765459,0
572,0.31100133528176443,0.48534904265519974,0
573,0.38356477382269827,0.4854034654663004,0
574,0.013377717893178875,0.4863621325141806,0
575,0.46569880459533775,0.48720060987259506,0
576,0.40817501767261133,0.4899469623827295,1
577,0.062043552619836406,0.4919192843750133,0
578,0.4552586866293652,0.49415127619199894,0
579,0.049843288789473306,0.4968959930066704,0
580,0.4399888267785702,0.5002077898517422,1
581,0.20741130982204337,0.5025503608221622,1
582,0.35766258835731046,0.5033532004151551,0
583,0.2508785800573303,0.5034159664536573,0
584,0.31060049192782335,0.5083437091338215,1
585,0.38593898987540454,0.5100211466227796,1
586,0.5115017970238314,0.5129922121127515,1
587,0.3861151776829068,0.5141272830436266,0
588,0.4919716502323499,0.5159279647146933,1
589,0.47703782958429153,0.5218133243919644,0
590,0.42884198488065617,0.5229360492701439,1
591,0.2928105273796986,0.5237222064863458,1
592,0.3960057744833835,0.528056579724964,1
593,0.07723116740641967,0.5286064583901497,0
594,0.47498702330651077,0.5293160107681223,1
595,0.23737456154264625,0.5311613577205541,0
596,0.03570312900827777,0.5328855686439096,0
597,0.47255837531983325,0.5337966116708376,1
598,0.4597824916500688,0.5369163885410617,1
599,0.435973037002617,0.5375145827988052,1
600,0.5138977721243817,0.5388241235560349,1
601,0.4832714839438864,0.5398294656090304,1
602,0.444916919970872,0.5411974035740563,1
603,0.41762538422538065,0.5412633471917674,1
604,0.4591645226772726,0.5414792413868275,1
605,0.5163816579924011,0.5417530719321437,1
606,0.060298702861361964,0.5442402636184599,0
607,0.3525303617925357,0.5447837333024671,0
608,0.3245488121406551,0.5456648777700136,1
609,0.5280027633121814,0.5459179441719136,1
610,0.3218888394229398,0.546776075675179,1
611,0.4563532872368493,0.5493258822386752,1
612,0.36695027275690384,0.5508490744781154,1
613,0.402709572122418,0.5513460688485469,0
614,0.33651909172938577,0.5537809616359335,1
615,0.3229694536403639,0.5571835582823329,0
616,0.5479173365302321,0.5589545838002649,1
617,0.5258559649607695,0.5610953435073979,1
618,0.24846125084269177,0.5614894316655115,0
619,0.5491606475267224,0.5688417560485836,1
620,0.4812669852578242,0.5709799441169341,1
621,0.4671317306713766,0.5712123714044256,1
622,0.48397522192622555,0.5749873434905424,1
623,0.40721363321114723,0.575642785981706,1
624,0.4573015137783272,0.5760615304313838,1
625,0.5614894316655115,0.57617842293598,1
626,0.5363455905198008,0.5797980400477534,1
627,0.3678145185831472,0.5803450587493157,0
628,0.135977595243447,0.582793298476831,1
629,0.29593459944557243,0.582798510336804,1
630,0.4053765687938983,0.58666083423528,0
631,0.48534904265519974,0.5877277599949023,1
632,0.3950883262382502,0.5904574285617502,1
633,0.19662296047839378,0.5914591366261811,0
634,0.35715579544643206,0.5943986335224999,0
635,0.5149488929131095,0.5948700106137059,1
636,0.2806095770071434,0.594921935547603,1
637,0.2784959587921153,0.595512247244574,1
638,0.3052767208859194,0.5973964132782373,1
639,0.3758087847339914,0.6004732151773434,1
640,0.482498880141323,0.6012541759401576,1
641,0.4083040148512588,0.6014281941893577,1
642,0.5189964595467169,0.6025844279725495,1
643,0.24941248071636113,0.6029988020831324,1
644,0.5556607827824483,0.6046334651051183,1
645,0.2825295250889508,0.6047620060323458,1
646,0.5888158275645761,0.6110087118125878,1
647,0.49254550843696077,0.6129731980367618,1
648,0.480620408015904,0.6132774323172192,1
649,0.5300557888368663,0.613905933327878,1
650,0.4968959930066704,0.6155645354877008,1
651,0.5509763524648026,0.6169482047136174,1
652,0.596918986432809,0.6173532934308731,1
653,0.19680256865039336,0.6182007817106402,1
654,0.5603374132130208,0.6190634416697979,1
655,0.5089267495571106,0.6200702189845932,1
656,0.5334929733302496,0.620071055882696,1
657,0.5928719298963416,0.6203210534129733,1
658,0.5931512305482015,0.6204566605823529,1
659,0.5552096561663652,0.6218064588193879,1
660,0.5055384503646093,0.6235819060003429,1
661,0.3605332542127647,0.6256339647162716,1
662,0.5576315895495396,0.626110049851065,1
663,0.4551004884394372,0.6278148299865622,1
664,0.598879938087662,0.6303751430872222,1
665,0.6304005860193117,0.6311229902387011,1
666,0.6271756450080008,0.6311899675961269,1
667,0.5288616958971867,0.6343716102061672,1
668,0.5840764377957327,0.6367884938579754,1
669,0.5503088975956885,0.6377020741467233,1
670,0.5771431944779378,0.6383369928157465,1
671,0.43918763129920535,0.6383406677086596,1
672,0.4914423591367101,0.6391584978816542,1
673,0.3746801276723064,0.6413037629813443,1
674,0.5334013366710088,0.6414884238714403,1
675,0.5794139029164259,0.6442825901080599,1
676,0.49254550843696077,0.6460953436923678,1
677,0.5728174334966372,0.6504612399442853,1
678,0.5409123521557996,0.6507140486370275,1
679,0.37584169963089864,0.6512699590318062,1
680,0.4089359844864734,0.6520095570901702,1
681,0.5083593725929639,0.6527627528192561,1
682,0.36448379609921033,0.6555278231472362,1
683,0.36584810685684166,0.6613509991433453,1
684,0.48342844467089097,0.6624824449040564,1
685,0.5331905707715042,0.663970624596422,1
686,0.37127352432117744,0.6645390545602763,1
687,0.44082233070914656,0.6655327526874257,1
688,0.5115196972011423,0.6658513278132302,1
689,0.514350845704105,0.6668843905476497,1
690,0.6379990742901133,0.6671670128112563,1
691,0.6200447617303867,0.6676866821699247,1
692,0.5375417878411417,0.6678494946175461,1
693,0.5573358041711326,0.66785391732452,1
694,0.6097204454551907,0.6683094138059382,1
695,0.668559699778982,0.6688367728527514,1
696,0.565973511304015,0.6714615315773542,1
697,0.6461025960483888,0.6714991320127173,1
698,0.47195383184693074,0.6720431195251545,1
699,0.6662472162079273,0.6741924851640397,1
700,0.5888904141317981,0.6742749371314197,1
701,0.3995068784651119,0.6744983009692184,1
702,0.5817440932206892,0.6758837726600772,1
703,0.4566909536455491,0.6769754564899078,1
704,0.25766036516764923,0.6771467524213337,1
705,0.4502274381060116,0.6773702772352169,1
706,0.41510535428422235,0.6801779581838823,1
707,0.6117225842510612,0.6806611863061044,1
708,0.5280027633121814,0.68075358731989,1
709,0.6117225842510612,0.6810003447311418,1
710,0.39752193968674776,0.6827537481223068,1
711,0.45338880024886563,0.6848267401444452,1
712,0.4997716581699354,0.6865388172057217,1
713,0.4914423591367101,0.6869969353313063,1
714,0.673662626722698,0.6872993520251998,1
715,0.5075090480152988,0.6878301346535646,1
716,0.6204490864855438,0.6887869132570541,1
717,0.6747686012701113,0.6890599627486451,1
718,0.6585345525039937,0.6901282477520653,1
719,0.6478654034858106,0.6919358134072509,1
720,0.32940102465466514,0.6919452082991954,1
721,0.5044550573492818,0.6942866537973595,1
722,0.5484014089042473,0.6952743591144461,1
723,0.6277092773644564,0.6952865909376921,1
724,0.6255313400057262,0.6959048787779252,1
725,0.5663595750184173,0.6964000335170575,1
726,0.5405152910395055,0.6977526008643308,1
727,0.36037400576430456,0.6978164199103472,1
728,0.6894949799957567,0.6981299081217995,1
729,0.5639048689162577,0.6990959007250829,1
730,0.4803128547959138,0.6993979121260965,1
731,0.6188052073717808,0.7004784773444822,1
732,0.6679589676476803,0.7015278659931108,1
733,0.47205027005487266,0.7016149211506385,1
734,0.46998332374776375,0.7031399410194629,1
735,0.6215622689164696,0.7031409893759538,1
736,0.6033397049231352,0.7039275365239049,1
737,0.45528681301705354,0.704033751664227,1
738,0.3843874607542398,0.7040995839967659,1
739,0.4902230162082041,0.7050123892259643,1
740,0.6629292973598861,0.7051530807667764,1
741,0.4671317306713766,0.7054927374923621,1
742,0.6564345602115144,0.7068764679406501,1
743,0.3715091103204644,0.7073685328903075,1
744,0.6542371692755848,0.7076288424858806,1
745,0.5931512305482015,0.7085506870232764,1
746,0.5803296516261984,0.7088289846450687,1
747,0.5752027066299061,0.7089374356847602,1
748,0.5542635724793773,0.7104232163758607,1
749,0.668559699778982,0.7122461629122259,1
750,0.4351784714302118,0.7124678141666039,1
751,0.710884232916029,0.7128390699097888,1
752,0.6920201567435993,0.7143993538958269,1
753,0.594351717533036,0.7146776063084005,1
754,0.5646513949815666,0.7148848000351226,1
755,0.7017800647585303,0.7158872078353985,1
756,0.35748819228066764,0.7163004762999715,1
757,0.7067068120736075,0.7164679069964817,1
758,0.3890709685612125,0.7165180779888216,1
759,0.6101339344974656,0.7174360176013919,1
760,0.7024516621308801,0.7178835863379357,1
761,0.645449567581456,0.7181389099674395,1
762,0.6809284445608572,0.7185662363682629,1
763,0.6966508144725806,0.718754037516799,1
764,0.43614915187828873,0.7191402829589427,1
765,0.4812669852578242,0.7199299516963154,1
766,0.6342508007986729,0.7199665043337838,1
767,0.49298305169580026,0.7204586234446174,1
768,0.4626268764857805,0.7216058781573719,1
769,0.5139474747455348,0.7220020278651461,1
770,0.6488340766703273,0.722155329894116,1
771,0.605463828266806,0.7221988487169883,1
772,0.6321826134253554,0.7226141256993405,1
773,0.6761309191572678,0.7231513450836421,1
774,0.6935756504619335,0.7244855963096941,1
775,0.638759529307275,0.7247400236914509,1
776,0.2885780434945757,0.7249838204283935,1
777,0.649116853610082,0.725097077302688,1
778,0.686613534590809,0.7255880710318855,1
779,0.5262021140296715,0.7263906753087231,1
780,0.6836738944858841,0.728018992524952,1
781,0.5322817978278929,0.7284104582819481,1
782,0.6032248665711611,0.728696673639886,1
783,0.40185184637984106,0.7305005228073258,1
784,0.6588283281835979,0.7316096792612737,1
785,0.6416854354454944,0.7316639387844737,1
786,0.6206058119447798,0.7332026296398382,1
787,0.6615598457232685,0.7335270529972305,1
788,0.4967336618336645,0.7335878693180765,1
789,0.46269246046585233,0.7345994809681776,1
790,0.6101339344974656,0.7349466864218523,1
791,0.6034626433632074,0.73510697675861,1
792,0.4091564475058772,0.7355480620862501,1
793,0.495596123798856,0.7355963533534924,1
794,0.46290052567935236,0.7357695182628934,1
795,0.5670726390219075,0.7363599879608741,1
796,0.5017236351039489,0.7364239762041458,1
797,0.5381156666465509,0.7376862904621534,1
798,0.49164034369083054,0.7382898419699669,1
799,0.6763132295221121,0.7393028652797276,1
800,0.7148015743072573,0.7406085134377426,1
801,0.3314058370060743,0.7407710249727991,1
802,0.6161932933191745,0.7413794005897055,1
803,0.45528681301705354,0.7427681967457435,1
804,0.4589931322500137,0.744838518824525,1
805,0.6524465879579041,0.7462038814674661,1
806,0.6867561726287965,0.7462550466035697,1
807,0.48342718668280305,0.7465271770868586,1
808,0.6289432547185133,0.7470957187836655,1
809,0.6597036303918863,0.7472398062968583,1
810,0.6651027872105159,0.747491449365893,1
811,0.7461725675808685,0.7475311908634141,1
812,0.5670726390219075,0.7479873706889445,1
813,0.5291960668263854,0.7482251828411527,1
814,0.674162180591433,0.7490174505455292,1
815,0.6073099308600692,0.7503056519624339,1
816,0.5794139029164259,0.7516184690315515,1
817,0.3746801276723064,0.7522903562854134,1
818,0.7363256987552325,0.7545415117654836,1
819,0.5310759123407588,0.755801498524949,1
820,0.47945043754470984,0.7560567014422551,1
821,0.3624546934510857,0.7578558733959638,1
822,0.5923728303771504,0.7584911214129256,1
823,0.4484188348350925,0.7591711500083024,1
824,0.5409123521557996,0.75920980759976,1
825,0.44892473693150525,0.7601705618911877,1
826,0.6476039125203281,0.760267195110757,1
827,0.7311814939891872,0.7607086731623308,1
828,0.6782120053007977,0.7620354572344596,1
829,0.638759529307275,0.763102816466774,1
830,0.666086747795747,0.7631218601618769,1
831,0.4455233918640633,0.7632553390929383,1
832,0.5247038609709215,0.7636584025041306,1
833,0.6231536866552851,0.7647749151999632,1
834,0.31848970127668164,0.7661034020378845,1
835,0.3870428748950223,0.7664770622399112,1
836,0.7227661260101047,0.7671918658220086,1
837,0.37548044647553136,0.7679413546631227,1
838,0.35144514958434236,0.7679595565794787,1
839,0.37261918026373697,0.7687770299449928,1
840,0.6359993822841136,0.7707244738382573,1
841,0.44791795015273883,0.7708016362687229,1
842,0.7387727977551207,0.7712557602123882,1
843,0.47256913132864264,0.7715865726121786,1
844,0.533605377276641,0.7717104816492772,1
845,0.5268645704876229,0.7720508276478735,1
846,0.714930488767328,0.7720661251759444,1
847,0.28370348783547783,0.773340988622418,1
848,0.4603075691245997,0.7751050388207429,1
849,0.7133265994738994,0.7751263053213553,1
850,0.7395859274061652,0.7753592832125845,1
851,0.3864447634329119,0.775819763144916,1
852,0.7451109160436744,0.776425418384292,1
853,0.6328764221627885,0.7764349153030854,1
854,0.7203482442709376,0.7773005051933664,1
855,0.47286623398909466,0.7776662228838334,1
856,0.649116853610082,0.7781588198521469,1
857,0.4869195300654494,0.7792398582435645,1
858,0.662781032982276,0.7799668423939713,1
859,0.7206751217090144,0.7814236198249518,1
860,0.450205770976403,0.7814956078177144,1
861,0.4362023097767802,0.7817205007084932,1
862,0.7260107071916445,0.7820992119739829,1
863,0.7080829383892657,0.7824776115913982,1
864,0.6772631748999506,0.7839365047176023,1
865,0.4080717871103857,0.7841167986870933,1
866,0.7203310686505477,0.7844757961088328,1
867,0.3496962417097732,0.7847087664497323,1
868,0.4393598254110511,0.7848915597717641,1
869,0.5765473294959842,0.785300341949684,1
870,0.6525041030373117,0.7864605471016327,1
871,0.44892473693150525,0.7870452489754417,1
872,0.6935756504619335,0.787787951806224,1
873,0.6740074477556997,0.7893373834304543,1
874,0.7019476099515238,0.7895514489702143,1
875,0.5300557888368663,0.7896256826790223,1
876,0.7785228025287413,0.7900610033344837,1
877,0.3887360271610062,0.7908602215612073,1
878,0.5570384205544167,0.7922857368105675,1
879,0.46810599621648474,0.792560698805611,1
880,0.6711117935728881,0.7927230154696089,1
881,0.5961371892898081,0.7937024250675602,1
882,0.6882035282722359,0.7937380851864303,1
883,0.6867160029082184,0.7937860284802122,1
884,0.7022572381757515,0.793966161944312,1
885,0.7585661635006214,0.7939776478604651,1
886,0.7614383156356199,0.7957728233258925,1
887,0.7954270840502443,0.7960496607911952,1
888,0.5573358041711326,0.7973352132205745,1
889,0.6105025835557112,0.7980102218305807,1
890,0.6550145974647869,0.7981986612219263,1
891,0.5202664966015109,0.7985910936552407,1
892,0.6098016724620564,0.7986853923868856,1
893,0.63734185782788,0.7989018662424674,1
894,0.40276605112092223,0.7999269797884153,1
895,0.7451109160436744,0.8002521942757057,1
896,0.5714015589253733,0.8002543722061527,1
897,0.7063108204356922,0.8006091286992421,1
898,0.4481856217813457,0.8007181791300109,1
899,0.5946505692380352,0.8010152600357133,1
900,0.4158695243275612,0.801480972459173,1
901,0.5747476815700613,0.8017544379102024,1
902,0.6585681166595795,0.8018673509380737,1
903,0.6738703816128905,0.802744750885317,1
904,0.5199386738310171,0.8034980258660844,1
905,0.5303953408888216,0.8037449895525295,1
906,0.657932293244221,0.8048431589254101,1
907,0.6933008304965128,0.8049374579502552,1
908,0.5994762333894043,0.8056912906994714,1
909,0.7720643064759579,0.8069906004385713,1
910,0.34179288534527874,0.8070671038636434,1
911,0.584916711523718,0.8070728517615893,1
912,0.590137399660224,0.8070748229947662,1
913,0.36037400576430456,0.8075286472822537,1
914,0.6271756450080008,0.8082156623644551,1
915,0.6153349068901803,0.8082723449979873,1
916,0.7260107071916445,0.8091485490781823,1
917,0.5614894316655115,0.809370865799036,1
918,0.5322817978278929,0.8096136657527608,1
919,0.5632989351600908,0.8100123681043316,1
920,0.4843733053080074,0.8101803663650109,1
921,0.7227661260101047,0.8108042638644812,1
922,0.4405995935710576,0.811403933741885,1
923,0.7644798003548855,0.8128712673921071,1
924,0.5481325496904055,0.8129295964864479,1
925,0.7653873499944287,0.813541235657288,1
926,0.6183941085589119,0.8135906242732799,1
927,0.6117225842510612,0.8136604238460782,1
928,0.8034804528245042,0.8143880309246888,1
929,0.6655166450767752,0.8150436290342242,1
930,0.5786863812838391,0.8154747714747436,1
931,0.26433569632872655,0.8156463775931503,1
932,0.7942098685733321,0.8156668941617512,1
933,0.4758041287499801,0.8161543004834849,1
934,0.5835694043337742,0.8164092252313234,1
935,0.4323663783927898,0.8166906333242053,1
936,0.7892468791694628,0.817754136614413,1
937,0.4050802112381775,0.8179866488694632,1
938,0.5627049266427191,0.8187299135910522,1
939,0.5816457261223232,0.818807452144303,1
940,0.6478654034858106,0.8188456521247559,1
941,0.5477091593717514,0.8190368723755391,1
942,0.3732661647307246,0.8196597808881145,1
943,0.7009250836745411,0.8198601946193829,1
944,0.514350845704105,0.8201539618755818,1
945,0.7109196016906186,0.8202138336223275,1
946,0.2005299374271292,0.8207621289325048,1
947,0.5705979086442294,0.8208870401246748,1
948,0.5305478974094404,0.8225188894657943,1
949,0.3870428748950223,0.8227089155573521,1
950,0.7131597058487846,0.8228546678565368,1
951,0.5667622579865937,0.8231790937895296,1
952,0.2850110838913258,0.8233051197160985,1
953,0.5451133705510058,0.8237246092017201,1
954,0.4606803893856706,0.8238495654067904,1
955,0.8052627426397452,0.824104557863998,1
956,0.26012741742625267,0.8246340648395117,1
957,0.4674496837255886,0.8252789397075487,1
958,0.8000783106227429,0.8257466747461363,1
959,0.3966575904103108,0.8258189794387,1
960,0.7278881444269572,0.8269689129089611,1
961,0.6814402769459704,0.8272984856763393,1
962,0.7954270840502443,0.8273366984024134,1
963,0.6304341915477837,0.8273852101729273,1
964,0.7278881444269572,0.8277832707144722,1
965,0.5591850393328512,0.8285355966932597,1
966,0.683832193356134,0.829020267651396,1
967,0.45243956941395946,0.8292116606456954,1
968,0.7312106714631751,0.8292276305172344,1
969,0.4494637772757386,0.8295036016458137,1
970,0.7065353814660285,0.8295162955456862,1
971,0.780554759150865,0.8295621228496213,1
972,0.5177455296274482,0.8300973854388287,1
973,0.47893352135455103,0.8303495997790253,1
974,0.5115017970238314,0.8306690765076825,1
975,0.6334845659287963,0.8306747302226551,1
976,0.4563532872368493,0.8312051336054797,1
977,0.7575580444824713,0.8313450038578862,1
978,0.6207895031951393,0.8319287828304233,1
979,0.8030914576423503,0.8325982040319693,1
980,0.5946505692380352,0.8326038947136031,1
981,0.647969079870519,0.8328114267458528,1
982,0.7085502784670833,0.8331871505420024,1
983,0.5777530106798189,0.8332994716938236,1
984,0.7133240961108508,0.8343473941037116,1
985,0.47487405132834637,0.8346070791110816,1
986,0.46619836539818893,0.834883295852236,1
987,0.6249770392975481,0.8353337744847391,1
988,0.5774539805090579,0.8356402778535581,1
989,0.6378225482248013,0.8357411509603273,1
990,0.7083632360841503,0.8359023384511995,1
991,0.7058050180553818,0.8364921332445779,1
992,0.6314616742490455,0.8377450106978593,1
993,0.6738703816128905,0.8377663854029922,1
994,0.4965999569929198,0.8382744274900149,1
995,0.7708898684240262,0.8384912630590087,1
996,0.5289792615078963,0.83870477891961,1
997,0.5302113300485836,0.8389108957459749,1
998,0.780554759150865,0.8389191098916067,1
999,0.5818218080413076,0.8389360856537896,1
1000,0.5519938409646388,0.8397667738821363,1
1001,0.8054115682655877,0.8398512377339901,1
1002,0.7312106714631751,0.8398986786880405,1
1003,0.4869195300654494,0.8409322232088864,1
1004,0.49004268513913396,0.8414144919866302,1
1005,0.6029703392821877,0.841597963102279,1
1006,0.5929192088420785,0.8417725210958114,1
1007,0.8076489015332599,0.8420525163434475,1
1008,0.6029436376147289,0.8421283134224457,1
1009,0.5687245477580645,0.8426055049086631,1
1010,0.5702018502628879,0.8426080464042716,1
1011,0.5731759559662419,0.84315793869103,1
1012,0.6107631331955465,0.8433253219816969,1
1013,0.6354539603045193,0.8435517750673415,1
1014,0.6336034293025237,0.8436297274820111,1
1015,0.6635392692456776,0.8436930398478005,1
1016,0.7708898684240262,0.8448288262937972,1
1017,0.43918763129920535,0.8451183913698556,1
1018,0.7432069760338643,0.8464336891064227,1
1019,0.6877445355802196,0.84683183348511,1
1020,0.6765603641676035,0.8484908021197861,1
1021,0.8268167027563254,0.8488457749097748,1
1022,0.8197947253737004,0.8489364858612654,1
1023,0.8412516299067337,0.8498523582401498,1
1024,0.34698369106105276,0.8500678055833241,1
1025,0.8324881232349438,0.8501917082210105,1
1026,0.5177175419592913,0.8502816035200963,1
1027,0.4384878853740146,0.850365503334372,1
1028,0.5749234507476955,0.8508481403520923,1
1029,0.6481039930708783,0.8512360329086045,1
1030,0.6359993822841136,0.8517156017272177,1
1031,0.42943988820902834,0.8518745001042968,1
1032,0.3981511975887094,0.8518767933892478,1
1033,0.48608641831319777,0.8521396177909425,1
1034,0.6973634251349662,0.8522385429674336,1
1035,0.5888904141317981,0.8522743032106113,1
1036,0.6370459299959189,0.8523075013649877,1
1037,0.782764142984135,0.8526769640362546,1
1038,0.6097204454551907,0.8529220414978285,1
1039,0.5671460468590094,0.8532102978765997,1
1040,0.6652659297028347,0.8534672342780251,1
1041,0.6862007716878445,0.8549419332686617,1
1042,0.470023802079116,0.8551416857231867,1
1043,0.7727017791281264,0.8553544697264969,1
1044,0.6097204454551907,0.8555913656372861,1
1045,0.5237989947830552,0.856050540357187,1
1046,0.49275785419162765,0.8566199347928227,1
1047,0.5481095646544659,0.8567339487170539,1
1048,0.7529740983478697,0.857217190956724,1
1049,0.6309426298396269,0.8575279553220242,1
1050,0.5286064583901497,0.8580976816805335,1
1051,0.4199500253179561,0.8581384594430831,1
1052,0.42744040116712223,0.8593673263196843,1
1053,0.5477091593717514,0.8598879685673856,1
1054,0.5881255660445026,0.8600104473544529,1
1055,0.7037588810840382,0.8604102618459614,1
1056,0.7227756581533061,0.8608337370631741,1
1057,0.5235217264453519,0.8609596040965972,1
1058,0.859261822292473,0.860967419271349,1
1059,0.5182079829557139,0.8611471964134814,1
1060,0.5277308335925338,0.8614744133847821,1
1061,0.7319524126157003,0.8616647318968087,1
1062,0.5511780613403253,0.862360620577793,1
1063,0.6549368555558607,0.8628885045389447,1
1064,0.7745458893607712,0.8638341948781205,1
1065,0.5634239137869766,0.8638367983408065,1
1066,0.522086680257611,0.864067382220235,1
1067,0.4403741068573227,0.8651876874760556,1
1068,0.5994762333894043,0.8661289124624472,1
1069,0.4472283879674416,0.8661548961436586,1
1070,0.7997035306286118,0.866331516951027,1
1071,0.43856226096929796,0.8665026051418071,1
1072,0.8124576596507638,0.8668959093546291,1
1073,0.8197947253737004,0.8670983588443816,1
1074,0.6251549799798678,0.8671067190660576,1
1075,0.6334845659287963,0.8671188000728984,1
1076,0.7430216573238388,0.8673468439562805,1
1077,0.6769730952041254,0.8675390300045976,1
1078,0.5556298732451044,0.8676728343367234,1
1079,0.4355234827996529,0.8679098798177469,1
1080,0.49373384032826173,0.8682187565477861,1
1081,0.8030914576423503,0.8683388898145927,1
1082,0.6161512148132015,0.8686091210896522,1
1083,0.6139258656066973,0.8686358560110484,1
1084,0.8362108485930799,0.8687177231589571,1
1085,0.6416854354454944,0.8691452695538331,1
1086,0.5323729530827952,0.8694388991106615,1
1087,0.31174293740643144,0.8695181299422085,1
1088,0.4867606104247787,0.8696668181562188,1
1089,0.7851713458277833,0.8703364755118507,1
1090,0.8342049173948746,0.8716558487837326,1
1091,0.6571590092663184,0.8717502408401439,1
1092,0.8449718127074367,0.8728530644709587,1
1093,0.8351556882187089,0.8731455514348568,1
1094,0.5771431944779378,0.8731544079848966,1
1095,0.504194950789177,0.8737272011141352,1
1096,0.4419368546550021,0.8739700787691878,1
1097,0.39540161349254466,0.8739819271403307,1
1098,0.4172526925483919,0.8742533133623117,1
1099,0.6178589959792115,0.874330449617011,1
1100,0.45182851989217143,0.8743366717420202,1
1101,0.6657776848494047,0.8743857052109991,1
1102,0.6077477421547952,0.875512975108191,1
1103,0.4466990979013269,0.8756977407307369,1
1104,0.7594058616489728,0.8760112142754247,1
1105,0.414862441116271,0.8763603660451955,1
1106,0.5735651548540651,0.8767568785150248,1
1107,0.5946450029016076,0.8768924079468713,1
1108,0.6553980466709517,0.8768931433864571,1
1109,0.7846988584990969,0.8769125296808933,1
1110,0.6522814494732959,0.8777137376709366,1
1111,0.7480562510497519,0.8783433679086333,1
1112,0.8716302668836116,0.8787917126150517,1
1113,0.5053074583971042,0.8792450774864385,1
1114,0.7160842564989035,0.879464601107319,1
1115,0.7416833378264127,0.8806397490724895,1
1116,0.8118407975870315,0.8806930345186328,1
1117,0.5292721025055308,0.8809753516557721,1
1118,0.4214919478219823,0.8812583543413293,1
1119,0.4214919478219823,0.8821608588171648,1
1120,0.807845569948702,0.8828709117856225,1
1121,0.6516688407995913,0.8832243715256904,1
1122,0.8803985694867965,0.8836801750862173,1
1123,0.7144868168586466,0.8839218900068857,1
1124,0.8060156001600607,0.884598346877147,1
1125,0.7047631290573066,0.8846805339682751,1
1126,0.605463828266806,0.8847811217215013,1
1127,0.44435541692884495,0.8850228007239777,1
1128,0.6022468039692802,0.8851308077103908,1
1129,0.48258388851297784,0.8852552314298295,1
1130,0.5761749436677253,0.8865626646175307,1
1131,0.44031170159565014,0.886765070775604,1
1132,0.8466697904319287,0.8868263209592201,1
1133,0.7085502784670833,0.8887129591721179,1
1134,0.520189641192626,0.8890398613149223,1
1135,0.5089267495571106,0.8893229402108414,1
1136,0.5909106539997934,0.8895945795638244,1
1137,0.46036635797341097,0.889698939425218,1
1138,0.43816663998248095,0.8900059049218795,1
1139,0.6266146284736055,0.8904627615111723,1
1140,0.6812168345783607,0.8905648554145783,1
1141,0.7184405784439678,0.8906216430151372,1
1142,0.7774291163399925,0.8906902116393236,1
1143,0.865479283616143,0.8913077262776151,1
1144,0.295744515319709,0.8914779834453745,1
1145,0.6496004243572228,0.8917638891647508,1
1146,0.8433736682520143,0.8921842002343705,1
1147,0.5197102990173811,0.892687539675697,1
1148,0.8045173160621023,0.8936361931202104,1
1149,0.4464185836130319,0.8944974370215719,1
1150,0.5360280380969719,0.8949310036554418,1
1151,0.48807878495326784,0.8950931359703563,1
1152,0.8170414462253789,0.8961337066051774,1
1153,0.4577292620031135,0.8964647906970704,1
1154,0.8557932245039459,0.8967567788156691,1
1155,0.518733031812932,0.8977687627589821,1
1156,0.5818218080413076,0.8980636015153514,1
1157,0.40425500828257455,0.8982474904530581,1
1158,0.7651142089824654,0.8983063390942966,1
1159,0.35612363836933736,0.8983205143573758,1
1160,0.5277732318300656,0.8989239451050018,1
1161,0.8580068890988424,0.8989916699531393,1
1162,0.8558402084786993,0.899122950525235,1
1163,0.46269246046585233,0.8994860589897086,1
1164,0.6397588669196811,0.8997057701472676,1
1165,0.5888158275645761,0.9008226378874273,1
1166,0.5598468317196174,0.9011598101591834,1
1167,0.47272842546273763,0.901163503593332,1
1168,0.5981657558597786,0.9016543635383826,1
1169,0.6195348946479232,0.9017582345169134,1
1170,0.2929109634304683,0.9018726263004058,1
1171,0.4053590714361417,0.9020143926578112,1
1172,0.6508564298428126,0.9027945752833193,1
1173,0.7594058616489728,0.9029910497226444,1
1174,0.44989679646134484,0.9032806574760002,1
1175,0.6056798429842777,0.9043123332088735,1
1176,0.7160842564989035,0.9045861253751029,1
1177,0.5877365492624335,0.9049906959481416,1
1178,0.7395859274061652,0.9050844188519063,1
1179,0.5943192607706581,0.9054116101431916,1
1180,0.5199386738310171,0.9055189890592008,1
1181,0.7674095630445523,0.9056738122894823,1
1182,0.6028611858850533,0.9057172704802354,1
1183,0.4161464241936237,0.9064472756196303,1
1184,0.6173027733061,0.9068303052167747,1
1185,0.5609756255476747,0.9068657388437559,1
1186,0.6686236636567843,0.9075965842388578,1
1187,0.5237989947830552,0.9076005605899153,1
1188,0.6329684708649753,0.9078088320075667,1
1189,0.7133240961108508,0.9080142375645656,1
1190,0.647969079870519,0.90824116671089,1
1191,0.8369501467203718,0.9085416147909324,1
1192,0.8411428674358096,0.9094890374271668,1
1193,0.5060163278779635,0.9095495178565395,1
1194,0.8676905274805082,0.9099416658946937,1
1195,0.6296823023228266,0.9102045084589665,1
1196,0.7811983167805981,0.91020562247665,1
1197,0.8168257284123266,0.9102768855918635,1
1198,0.758109930198724,0.9103315558207781,1
1199,0.7806707690359299,0.9104259179027093,1
1200,0.48355227755040886,0.9109242175808795,1
1201,0.4727379137670795,0.9123159754631999,1
1202,0.417190223093553,0.9125342898383698,1
1203,0.5361753005915587,0.9125349709520342,1
1204,0.5463210105817917,0.9126007019814609,1
1205,0.7037588810840382,0.9129869643997665,1
1206,0.44881594496433985,0.9133204552927124,1
1207,0.6097719143174976,0.913645928854992,1
1208,0.8757684918779962,0.913704000137404,1
1209,0.6958500764798785,0.9137181428853123,1
1210,0.48355227755040886,0.9138072747310018,1
1211,0.720219586033569,0.9139608133435432,1
1212,0.7293875313582648,0.9148046612227363,1
1213,0.5180340987665645,0.9149341629399604,1
1214,0.6041281700397431,0.9158013822439579,1
1215,0.7253559809149818,0.9159181641287272,1
1216,0.4839980593107268,0.9160887497184924,1
1217,0.827180782018951,0.916161085652751,1
1218,0.6123789814577616,0.9171759745100283,1
1219,0.5988990071055319,0.9175885866395121,1
1220,0.5641362472130628,0.9177732548112673,1
1221,0.46703829316988954,0.9178502939509121,1
1222,0.47936930935744626,0.918587570540636,1
1223,0.6161512148132015,0.9189306189111524,1
1224,0.43225946447013686,0.9191998456270142,1
1225,0.43162601915305665,0.919234180886172,1
1226,0.6254327104218654,0.9193871272883206,1
1227,0.8607238694211852,0.9194091386011554,1
1228,0.8047769161440191,0.9195338131643445,1
1229,0.8369884715844684,0.9195450076902141,1
1230,0.2663297751056434,0.9202829544106791,1
1231,0.6594897814756524,0.920285242240325,1
1232,0.5701610805656101,0.9207767004257986,1
1233,0.8577843890929735,0.9209788039450294,1
1234,0.7096621772618498,0.9211229804338023,1
1235,0.6641589622444208,0.9212226804742654,1
1236,0.5252904984758656,0.9213654245118733,1
1237,0.6470847807114037,0.9214910322785275,1
1238,0.8273659734939894,0.9215488368374023,1
1239,0.5114036635477748,0.9217323491144546,1
1240,0.4995528173261269,0.9217343790349096,1
1241,0.31748290259911305,0.9222923914906137,1
1242,0.6334845659287963,0.9223677247404625,1
1243,0.5691547583419391,0.9224646984542049,1
1244,0.4698675794115401,0.9226586190135757,1
1245,0.6860737230654659,0.9231021967565068,1
1246,0.283361040988942,0.923893205350615,1
1247,0.8195143416709907,0.9246308108218274,1
1248,0.29141634677568606,0.9249511764621345,1
1249,0.4817883504962702,0.9249646177152208,1
1250,0.8780770531240563,0.9261360025765925,1
1251,0.4439062507850269,0.9265159588928422,1
1252,0.31060049192782335,0.926615271511177,1
1253,0.9078904801278824,0.9269040027622191,1
1254,0.8892522816732702,0.9270621361933702,1
1255,0.6296823023228266,0.927498356120338,1
1256,0.4131765383076129,0.9280652778015319,1
1257,0.4438448661410659,0.9281659673856013,1
1258,0.5114036635477748,0.9288161726004502,1
1259,0.5117041176648258,0.9290440095436148,1
1260,0.7164091358662089,0.929791739747461,1
1261,0.844635960164623,0.9299793969250961,1
1262,0.8369884715844684,0.9301686975603928,1
1263,0.44275670770053044,0.9304267468991791,1
1264,0.80816003946707,0.9307964905858741,1
1265,0.4775343241421063,0.9309954738398797,1
1266,0.5774796233230334,0.9312268598467479,1
1267,0.7591716340909181,0.9313982294499751,1
1268,0.7361890221803846,0.9314299684245005,1
1269,0.8043464267931684,0.9316471804214417,1
1270,0.5691547583419391,0.9319340987580338,1
1271,0.4601690589578107,0.9322048807068934,1
1272,0.6321006488869205,0.9324229829311704,1
1273,0.80816003946707,0.9327308322482948,1
1274,0.6651027872105159,0.9333565083807287,1
1275,0.475303902651138,0.933696761747408,1
1276,0.5196073564140993,0.9339222372637936,1
1277,0.5929192088420785,0.934019373045482,1
1278,0.7548129655379983,0.9340451786070669,1
1279,0.620940350809157,0.9341087628973593,1
1280,0.7801109539508958,0.9341678853210175,1
1281,0.6867561726287965,0.9344345516716803,1
1282,0.6981187050166191,0.9357294547141253,1
1283,0.4604277188825291,0.9359990816249416,1
1284,0.3609766053292589,0.9360550826100313,1
1285,0.4217838778925329,0.936307034670807,1
1286,0.5179549758214667,0.9366903462762358,1
1287,0.8033212890524838,0.9373703531656135,1
1288,0.7351331727845121,0.9375163495237867,1
1289,0.537153402841296,0.9377430756075253,1
1290,0.6506606546610092,0.9379985731526886,1
1291,0.44892473693150525,0.9381371936930212,1
1292,0.6922561333956807,0.9381671484851121,1
1293,0.5076862368733783,0.9386600685928529,1
1294,0.6310790317843468,0.938670655517081,1
1295,0.443869470653525,0.9387378817790137,1
1296,0.6911096224667733,0.9388336154405593,1
1297,0.7447182582791443,0.939124837893748,1
1298,0.6834045281827014,0.9394373182808403,1
1299,0.6161512148132015,0.9395740370152551,1
1300,0.5888158275645761,0.9401654365600413,1
1301,0.648679845272608,0.9403212173599089,1
1302,0.5258559649607695,0.9409071265451565,1
1303,0.49970221944864057,0.9413905597987537,1
1304,0.4977663194286066,0.9416438983306141,1
1305,0.4350798225142434,0.9423413159631132,1
1306,0.5033013081740021,0.9424356750536454,1
1307,0.6039975031320934,0.9427523423946833,1
1308,0.45801035779819355,0.9427624520272733,1
1309,0.5124642847479407,0.9429011436970977,1
1310,0.4455286979972768,0.9432057039442248,1
1311,0.5672780890913134,0.9434896865707912,1
1312,0.928865845688548,0.9437000116875472,1
1313,0.5850680247042273,0.9443061046250865,1
1314,0.8139265538110593,0.9444068706670194,1
1315,0.30810489299399524,0.9444521821544452,1
1316,0.899371051153489,0.9452775464495007,1
1317,0.8195143416709907,0.9457772598894972,1
1318,0.5303807393873713,0.945977811959599,1
1319,0.8296346938837742,0.9465522533676437,1
1320,0.43660690155786275,0.9465533823860736,1
1321,0.9317990122780458,0.9468566533131859,1
1322,0.5199386738310171,0.9468932125297027,1
1323,0.482498880141323,0.9469982788964987,1
1324,0.9355099990708797,0.9471213749485812,1
1325,0.6310790317843468,0.9472714327597814,1
1326,0.4382574998777933,0.9472870848174042,1
1327,0.7957484966904593,0.9472992173301265,1
1328,0.9037598862704215,0.9476115309719241,1
1329,0.4298289846932427,0.9476898569660319,1
1330,0.6107384857737698,0.9480916639506695,1
1331,0.48099932013371294,0.9482544225618743,1
1332,0.4248941129114099,0.9482629902796017,1
1333,0.5191110699119026,0.9484141016881993,1
1334,0.25920792825007544,0.9485169279028743,1
1335,0.6827398940945908,0.9489339929822542,1
1336,0.625232063449915,0.9494693014431911,1
1337,0.5086924189177842,0.9501325288537794,1
1338,0.584030365045402,0.9508400679634409,1
1339,0.6440213031425371,0.9509353895875149,1
1340,0.4508416571072986,0.9511130463915191,1
1341,0.5431089843484671,0.9513175283327479,1
1342,0.49986043885352427,0.9514879635419153,1
1343,0.7056183452088224,0.9516309426936627,1
1344,0.4705717331688699,0.9516555198243535,1
1345,0.47004314610105147,0.9518525195531239,1
1346,0.8449718127074367,0.9522119440379982,1
1347,0.46077259622790123,0.9522577112712454,1
1348,0.7732959352512511,0.9525107836860526,1
1349,0.8699650079734385,0.9525771618501618,1
1350,0.63734185782788,0.9531341506760628,1
1351,0.474711972437304,0.9531368903146376,1
1352,0.7275289026968478,0.9534216170866956,1
1353,0.4082452062688533,0.95372414719925,1
1354,0.831149832694803,0.953732248712449,1
1355,0.6178589959792115,0.9537393429957588,1
1356,0.6849957484609484,0.9537562651068023,1
1357,0.7549059286761691,0.9539906889435272,1
1358,0.584916711523718,0.9541684406422918,1
1359,0.5451965243320297,0.9542959399888723,1
1360,0.5906884249834689,0.9544286441257955,1
1361,0.3796787940313574,0.9547597329881042,1
1362,0.7951169615740535,0.955142048080505,1
1363,0.43168292427994925,0.9558936066138906,1
1364,0.6256305616986564,0.9559755702167544,1
1365,0.3567552461515383,0.955985038409776,1
1366,0.5126723002682224,0.9565128889393348,1
1367,0.5460191266200729,0.9566919724955755,1
1368,0.7748111865899383,0.9571765771884734,1
1369,0.6172646197843454,0.9574960608603773,1
1370,0.5485004626817145,0.9575520224394597,1
1371,0.6099976219164585,0.9580343977104483,1
1372,0.5196073564140993,0.9581086760852681,1
1373,0.4986319640493757,0.9581615105439144,1
1374,0.7277145785811407,0.9586601012593841,1
1375,0.4353662151345953,0.9592790052528355,1
1376,0.3762152235178141,0.9594722252868779,1
1377,0.5818218080413076,0.9595691399652796,1
1378,0.4115513123701797,0.9596952422762075,1
1379,0.6188052073717808,0.9597242007551618,1
1380,0.37394408354213293,0.959831035030665,1
1381,0.7817558367734454,0.9598880526870659,1
1382,0.5547556978120912,0.9603401968436307,1
1383,0.4567378680936576,0.960419036718252,1
1384,0.7385839488940146,0.9604573460807722,1
1385,0.5100104244808551,0.9607756659723383,1
1386,0.6571590092663184,0.9611034047844841,1
1387,0.4298549920447168,0.9611927326210863,1
1388,0.7227756581533061,0.9614233392406097,1
1389,0.6098016724620564,0.9615998661660011,1
1390,0.5776571785983613,0.9622277940830503,1
1391,0.5214103359394462,0.962295738000323,1
1392,0.6948412300245604,0.9624360037544087,1
1393,0.5649471965344288,0.9625768765959616,1
1394,0.44221948013733225,0.9627141324750058,1
1395,0.8452686925264786,0.9627714328932533,1
1396,0.5674397338011846,0.9628082339697435,1
1397,0.8098868940380185,0.9629788388368538,1
1398,0.3695646206740735,0.9632286650123356,1
1399,0.416370611241471,0.9632654993628429,1
1400,0.33820828623312826,0.9633682177611083,1
1401,0.5591850393328512,0.9637166356139137,1
1402,0.5344801622885813,0.9646957467203818,1
1403,0.6664983622521502,0.9648056040787278,1
1404,0.5343082670731372,0.9663825517388946,1
1405,0.47301011232735024,0.9666995161522483,1
1406,0.6865347293811481,0.9672714996106792,1
1407,0.5454845246703977,0.9678368563946099,1
1408,0.6287251216843881,0.9680350342396514,1
1409,0.6670509536695242,0.9680379797492359,1
1410,0.3921133067350969,0.9680462475493931,1
1411,0.40215667176032,0.9681959032638076,1
1412,0.42816052251274295,0.9682085139049981,1
1413,0.5441067104757726,0.9684100258809173,1
1414,0.6695121122809313,0.9686879403336338,1
1415,0.47401888888273425,0.9695212265468877,1
1416,0.8008945186612265,0.9697071463423833,1
1417,0.44171604993734614,0.9697479363525873,1
1418,0.35922820850866677,0.969981544952835,1
1419,0.5615531806608642,0.9700942566499302,1
1420,0.39518053938904263,0.9702623896300054,1
1421,0.6189067685382996,0.9709681431963517,1
1422,0.4531052950961285,0.970973978557345,1
1423,0.616692171549059,0.97159448268028,1
1424,0.5531159131220801,0.9718709273134523,1
1425,0.6877445355802196,0.9728319851651712,1
1426,0.5571835582823329,0.9734698592292065,1
1427,0.7123526553236396,0.973805995384508,1
1428,0.8120356221129428,0.9738246736106454,1
1429,0.5514515800035054,0.974154408128268,1
1430,0.43047489038207565,0.9743154443840775,1
1431,0.53178884592798,0.9743319941085583,1
1432,0.410819242018272,0.9744057238860465,1
1433,0.5001923014156945,0.9746097800551135,1
1434,0.5513460688485469,0.9747593969382276,1
1435,0.43890552856901044,0.9748715948726219,1
1436,0.6343970620199002,0.9751128609169174,1
1437,0.6508564298428126,0.9751750997350132,1
1438,0.4638638337900528,0.9752517998279746,1
1439,0.742677301978454,0.9753101048836683,1
1440,0.6435181774382595,0.9756923292993435,1
1441,0.6107384857737698,0.975759710169046,1
1442,0.5829999562874723,0.976031323036604,1
1443,0.838922315049651,0.976062575590254,1
1444,0.4405995935710576,0.9760978230591238,1
1445,0.8139265538110593,0.9766570078969092,1
1446,0.6324071976948247,0.9769266308070588,1
1447,0.6695121122809313,0.9770665955261653,1
1448,0.4991931241550339,0.9773302306067498,1
1449,0.5063672267194941,0.977367729740524,1
1450,0.7513328400126535,0.9774678797604966,1
1451,0.47305336067007586,0.9778940151189864,1
1452,0.9626083590438691,0.9781348516368537,1
1453,0.5469928413924391,0.9781362507843805,1
1454,0.3305457519478654,0.9782426016391855,1
1455,0.5713968194638799,0.9782833654931861,1
1456,0.6117068914898688,0.9786451300098764,1
1457,0.6724377824017834,0.9786552897572747,1
1458,0.6532777544977135,0.9788677810735442,1
1459,0.3981455567464973,0.979100530704942,1
1460,0.5706638530139738,0.9791799246516447,1
1461,0.4185633864658076,0.9792605901482266,1
1462,0.43850335266160045,0.9792911376256672,1
1463,0.5699384584585531,0.9795963979999123,1
1464,0.7083511899481449,0.9797038681187514,1
1465,0.592385364483167,0.9802384695481416,1
1466,0.5116815183716967,0.9802567434224408,1
1467,0.8045173160621023,0.9803840351400515,1
1468,0.4328507770150266,0.9803953443627883,1
1469,0.3411224838128022,0.9804012336304077,1
1470,0.4832072260065522,0.9806668481427855,1
1471,0.37394408354213293,0.9807315440718708,1
1472,0.693484057849531,0.9807980597865025,1
1473,0.5132593620996871,0.9809841036340503,1
1474,0.5328855686439096,0.9813944085251288,1
1475,0.5191822414786885,0.9815976037345334,1
1476,0.7957484966904593,0.9816427049930251,1
1477,0.5299248073648443,0.9816536624539163,1
1478,0.4764926334103117,0.9816729622827521,1
1479,0.4114651231602421,0.9817733730691548,1
1480,0.6216624510234187,0.9818113268038339,1
1481,0.4597824916500688,0.9818405971746386,1
1482,0.4755345999623657,0.9822441828451437,1
1483,0.5264774256514254,0.9830850020625277,1
1484,0.504888160402361,0.9830914721827965,1
1485,0.41471721675718287,0.9832323399621226,1
1486,0.5769195681750444,0.9832852718896697,1
1487,0.5158212337390973,0.9833723337883572,1
1488,0.503563553654993,0.9836503128064366,1
1489,0.4706500414868603,0.9836828228754297,1
1490,0.31820016399610995,0.9839230122046572,1
1491,0.8657628085956555,0.983978074377949,1
1492,0.8730451572137699,0.9852039988491363,1
1493,0.6662472162079273,0.9853079792453177,1
1494,0.45811824957182146,0.985345478633489,1
1495,0.6471618482268505,0.9854935055297708,1
1496,0.39683127612902713,0.9855370370805949,1
1497,0.5812537212042308,0.9858425931032062,1
1498,0.6655166450767752,0.9862512284167643,1
1499,0.3768763705221181,0.9863013193829927,1
1500,0.8256291127658683,0.9863338253863393,1
1501,0.4870000501449284,0.9863623317745883,1
1502,0.4518971322327857,0.9865354813363088,1
1503,0.47327708816856806,0.9867755933164772,1
1504,0.8393714403588503,0.9868929535210976,1
1505,0.27523718095170924,0.986893238781872,1
1506,0.4300252040486975,0.9870666691598963,1
1507,0.45811824957182146,0.9871362246617957,1
1508,0.8217430169963816,0.9872561143504467,1
1509,0.5202086579374725,0.9874951620232458,1
1510,0.42260249857577237,0.9875770104243495,1
1511,0.5573315403550285,0.9877260545637313,1
1512,0.5061420683192077,0.9878199603753899,1
1513,0.4118472088770677,0.9885088230714091,1
1514,0.4775963706918903,0.9887466842087189,1
1515,0.46634894843355357,0.9888360231871711,1
1516,0.6391999569365283,0.9888509397364676,1
1517,0.4418168422012533,0.9889735378951044,1
1518,0.34709538721076827,0.9891283398234497,1
1519,0.4362023097767802,0.9898253412931312,1
1520,0.4804934945096315,0.9899716236103105,1
1521,0.3881698465524961,0.9906098727535209,1
1522,0.6902759390915639,0.9910798537830593,1
1523,0.43455376111863053,0.9913495154539665,1
1524,0.4635238564412596,0.9914495403234527,1
1525,0.44171604993734614,0.9915574962320347,1
1526,0.4350798225142434,0.9923170375290106,1
1527,0.5297297883963298,0.9928583069353654,1
1528,0.41202469371670636,0.9928748453216422,1
1529,0.3739079134649015,0.993049438142631,1
1530,0.31200868724648045,0.9932404778570358,1
1531,0.5568176736497995,0.9935280510584679,1
1532,0.435911949900581,0.9937325699333406,1
1533,0.4073430821595537,0.9937557444691345,1
1534,0.6572510134940749,0.9940308722228447,1
1535,0.5244214355718396,0.9948758240476624,1
1536,0.48162337040888115,0.9949894943968861,1
1537,0.4626268764857805,0.9953952410751019,1
1538,0.4478810815543818,0.9963138113975932,1
1539,0.5073145920391928,0.996941867766362,1
1540,0.491510725276774,0.9973796248648329,1
1541,0.4174851903161795,0.9976489938760922,1
1542,0.4289898187755872,0.9976544671572884,1
1543,0.5710627038920962,0.9982935406792175,1
1544,0.3920611381536847,0.9983124604535311,1
1545,0.4566111830166396,0.9986254419386983,1
1546,0.41570787010802646,0.9986924652302807,1
1547,0.7113132234130733,0.9989420144427602,1
1548,0.43997615419225633,0.9990403778514846,1
1549,0.5368916307186516,0.9992829611112406,1
1550,0.4031173175219863,0.9994948864110639,1
1551,0.3722746320401036,0.9995266766089274,1
1552,0.41461271181724335,0.9997347646370037,1
1553,0.3942095366631473,0.9998472651681015,1
1554,9.761008948383498e-05,inf,0
1555,0.3966575904103108,inf,1
1556,0.402899434970016,inf,1
