,Birth,Death,Dimension
0,0.02583131634056912,0.025981052720309483,0
1,0.02055951648833909,0.05316166343163664,0
2,0.027665594200262267,0.06138669791226914,0
3,0.03568924147769015,0.061838192959714045,0
4,0.049995131485775945,0.06400702859861307,0
5,0.023329940782592873,0.06562918093305958,0
6,0.04728117004007171,0.07579131451073595,0
7,0.03656090775734089,0.08634500612682383,0
8,0.06584325198152952,0.09339239825619416,0
9,0.07725373920064016,0.09755782898158649,0
10,0.029420094620937864,0.10284583537001812,0
11,0.056008771029293025,0.10347196730236874,0
12,0.09287543963372524,0.10369057889892219,0
13,0.03711146387391795,0.10369057889892219,0
14,0.08676272577668198,0.10471990488153005,0
15,0.04360784637694093,0.10471990488153005,0
16,0.08840755073193707,0.11035356135155239,0
17,0.07718222997902235,0.11376188652671193,0
18,0.050249677917403424,0.11443531209534274,0
19,0.05184514636129289,0.11499372262021268,0
20,0.054538334845435354,0.12266569715557207,0
21,0.07096885296972522,0.12329577905473743,0
22,0.048204171581947675,0.123785267691786,0
23,0.012428099676593196,0.123785267691786,0
24,0.05126520301881887,0.12512319722684895,0
25,0.05725639911539593,0.13163346009919785,0
26,0.06072070892766945,0.13280005694060848,0
27,0.058413337852520564,0.133392283364003,0
28,0.03831212987300847,0.13394900258859088,0
29,0.06989396513973178,0.14461979491037846,0
30,0.05996621575513528,0.14476276518708697,0
31,0.06493985412977654,0.14645540027764758,0
32,0.023302424315679526,0.14656565796671717,0
33,0.0716759488401203,0.14832196974727863,0
34,0.10569425185262193,0.1486229941031758,0
35,0.06742774409891672,0.14977845601152406,0
36,0.0341780218261728,0.1506966591975617,0
37,0.028581365405825454,0.15441633862342707,0
38,0.1481724186639921,0.15566368866956803,0
39,0.016937202732284495,0.15566368866956803,0
40,0.061466269624036785,0.15611242527920388,0
41,0.09466035473735368,0.1561213815920931,0
42,0.06707760116606565,0.15824785496764315,0
43,0.11656852825576447,0.16112489716814793,0
44,0.09502110396548469,0.16139502346559442,0
45,0.16594065143607284,0.175786346660339,1
46,0.015361509780104532,0.17741276634324876,0
47,0.03553088164110052,0.17741276634324876,0
48,0.05873586804556297,0.17981072081860805,0
49,0.17289757347949064,0.1821728269871271,0
50,0.10997482937366398,0.1821728269871271,0
51,0.05872814100519852,0.18735786233315987,0
52,0.06172160781052072,0.1914413027326186,0
53,0.18289412728602894,0.19208621524935066,0
54,0.06875738894351746,0.19339455462286215,0
55,0.028637256298832292,0.19425848425318326,0
56,0.14351280628250052,0.1948057680855464,0
57,0.16066812516490347,0.19546603677145136,0
58,0.19132417584803785,0.196066141269444,0
59,0.04817686706847524,0.196066141269444,0
60,0.13573874559887633,0.19617243659958317,0
61,0.09966171694293335,0.19636693640719582,0
62,0.18296214684481038,0.19882425135354742,0
63,0.05789727946687129,0.19889414931085747,0
64,0.011514201000061619,0.20334489085239726,0
65,0.10304455786249833,0.20388049390357088,0
66,0.08694536389380214,0.2067418528182905,0
67,0.18556961558749263,0.2087039798828053,0
68,0.05503041806266773,0.211547549995727,0
69,0.13785067032985843,0.2134161633263899,0
70,0.1953766237726864,0.21414766110353145,0
71,0.023675066215528395,0.21527858579571935,0
72,0.10658192705478375,0.21615266935244526,0
73,0.062262522726003855,0.21652959265189053,0
74,0.1668315545898974,0.21717399739910304,0
75,0.015507668562821486,0.22016526380903034,0
76,0.12925811578624247,0.22052255013221167,0
77,0.017918081920352158,0.2248956954372886,0
78,0.006938331207225201,0.22553873895489174,0
79,0.06425744362273456,0.22553873895489174,0
80,0.02852952392839081,0.22773937805669153,0
81,0.22640135177834908,0.22964966903249195,0
82,0.14327480232095025,0.22984116773615348,0
83,0.06248943396644879,0.2300844017817023,0
84,0.04594024713868505,0.23102101780205053,0
85,0.21616653350235537,0.2321501597393696,0
86,0.20204925384391992,0.23216977929484361,0
87,0.08361848905995062,0.23263690935063597,0
88,0.09714782107069764,0.23519306585429534,0
89,0.0414491053844519,0.2352507926860108,0
90,0.14946301826040143,0.23909493968791684,0
91,0.035846900082480704,0.24109682531707088,0
92,0.04900984474188186,0.24182800888635347,0
93,0.12743021524421572,0.24187484462170172,0
94,0.09484229360076313,0.24187484462170172,0
95,0.06282949845649555,0.2427234327591392,0
96,0.10232300694257168,0.24344601169445645,0
97,0.031126664477192367,0.24354629402155947,0
98,0.06594781636141323,0.24528467198405002,0
99,0.11525039849081387,0.24528467198405002,0
100,0.14222664088168424,0.2474516069856526,0
101,0.22862841637269837,0.2477821172133554,0
102,0.14551199682053373,0.24779168176144672,0
103,0.0617284242084053,0.24906789049866163,0
104,0.06594438242118594,0.24925447941916024,0
105,0.0626017835650261,0.2532898410619936,0
106,0.22901510797783586,0.2561032993670008,0
107,0.14059276966732348,0.2562625537014944,0
108,0.02182492168367256,0.258351334999975,0
109,0.08658856371800516,0.25904255189258996,0
110,0.03697504106378513,0.25996339101712684,0
111,0.02482513656918972,0.26060074017158197,0
112,0.16886808603665537,0.26524228775474945,0
113,0.1784267149712193,0.26651727139028014,0
114,0.08997579898297192,0.26888267384544684,0
115,0.013340480182806758,0.2704279588714035,0
116,0.08507022160895494,0.2704279588714035,0
117,0.20898936832330128,0.2712403626521721,0
118,0.18348093005876254,0.2714144897321542,0
119,0.18167760935853194,0.2750612091997009,0
120,0.15935574512341733,0.2752372146131349,0
121,0.13527765680381443,0.2755093984708594,0
122,0.06726748652821013,0.27551653644958773,0
123,0.05694722002141306,0.27620776967499705,0
124,0.13608530294157395,0.27700631894352457,0
125,0.12303040964204415,0.27700631894352457,0
126,0.08270829801431123,0.2776305818811584,0
127,0.03095600445144253,0.2784847850158064,0
128,0.03416660853005926,0.2797483861915484,0
129,0.11217464404173749,0.28625393720107706,0
130,0.03404459458331022,0.28652882647370437,0
131,0.2119362510937528,0.28681529575544007,0
132,0.1823456267990331,0.28706264666128767,0
133,0.024507071078016973,0.2879586452792431,0
134,0.1670086115646825,0.29039373334879814,0
135,0.04357203189226899,0.29054161234449793,0
136,0.13044071326272488,0.2906770046289445,0
137,0.2089268187619926,0.2916942562087871,0
138,0.07478288181109216,0.2938702070778104,0
139,0.029295644560566103,0.2938702070778104,0
140,0.1088198495630468,0.2952980605904002,0
141,0.045923243004884706,0.29797948842535615,0
142,0.12705902665530966,0.2980049933614223,0
143,0.04588423242575412,0.2982612555172427,0
144,0.044558141838264786,0.2983024185964207,0
145,0.027233675706763272,0.2984602649217766,0
146,0.012807663832114513,0.29901720059482173,0
147,0.00901640928328884,0.29912427003689634,0
148,0.24037144455952686,0.3013361503933917,0
149,0.06692652951601952,0.30171139002255665,0
150,0.0921722660977502,0.3030981945231782,0
151,0.08182583239178298,0.30423741496029777,0
152,0.2935167498359367,0.30446598477456654,1
153,0.08462005925526872,0.3046233165688067,0
154,0.09978382459131119,0.3046233165688067,0
155,0.06585670483560113,0.30569922764900204,0
156,0.01800448428339685,0.3064075248659457,0
157,0.043592297313970074,0.3070166279952472,0
158,0.22889541493289178,0.3078696590152793,0
159,0.014898875472080575,0.31018290811149196,0
160,0.009049783470012063,0.31036880269077005,0
161,0.042833593361277233,0.31036880269077005,0
162,0.04186535204091624,0.31049081349988483,0
163,0.00913655041670447,0.31084364819570076,0
164,0.02097272055331134,0.3145060649722925,0
165,0.045195715743014064,0.31509587946828,0
166,0.2638086629263713,0.31577004264492314,0
167,0.29698955536651817,0.31678051263618645,0
168,0.2822844461989602,0.3178775176116855,0
169,0.10111119187980544,0.31870210384712805,0
170,0.02783016534388716,0.3209024594756036,0
171,0.0177303473375795,0.3209024594756036,0
172,0.23332235405047408,0.32091358824274696,0
173,0.17425216822145484,0.321088880318517,0
174,0.10793420707232726,0.3250612901337432,0
175,0.07392202664811476,0.3253898040180928,0
176,0.13583442192876105,0.3256706217630775,0
177,0.2534325352739163,0.3262561477528466,0
178,0.009981539460960698,0.3262561477528466,0
179,0.09014769567440728,0.32636875432795587,0
180,0.3282885175295239,0.328387416143075,0
181,0.12547539458724244,0.3287014356903004,0
182,0.03076583537112032,0.3292726256408418,0
183,0.14105089716810126,0.32992525926715777,0
184,0.06528677104182656,0.3300695351406657,0
185,0.052123295342781706,0.3300894277221298,0
186,0.05338871070195428,0.3308329129162605,0
187,0.003992490026329287,0.331246924258484,0
188,0.020015824283774575,0.33332343130687636,0
189,0.05575139670327067,0.3334586787391617,0
190,0.006396635408994267,0.33561900364672737,0
191,0.011659199281364385,0.3371258884760392,0
192,0.06003838235789394,0.33828006628527174,0
193,0.2170121688142128,0.33911079657987375,0
194,0.01105429251240131,0.3397971209145324,0
195,0.15795549042832946,0.3397971209145324,0
196,0.02599156755968246,0.3408565488212296,0
197,0.04210916397984976,0.34163420384781695,0
198,0.11906436034167966,0.3416702471871029,0
199,0.05076995692446895,0.3422409606463659,0
200,0.009595366256526017,0.3434300587320972,0
201,0.03537464987405525,0.34402740408595567,0
202,0.14441885108551578,0.34910897581727984,0
203,0.26966548433741633,0.3504683329383126,0
204,0.10883576842413156,0.35090756976298587,0
205,0.07648981096122676,0.3521270879619568,0
206,0.344695987384241,0.35378303981736614,1
207,0.0024904916368688745,0.35379974970448447,0
208,0.15760876238117016,0.3552568076378996,0
209,0.18547482687970318,0.35549583296415366,0
210,0.2133512590073544,0.3561942921025818,0
211,0.014608806903447458,0.3561942921025818,0
212,0.03190443191142356,0.3645072357684137,0
213,0.12197908742879471,0.36454192940870433,0
214,0.025878122250313162,0.36502715984181233,0
215,0.07634623298532062,0.3666311493144051,0
216,0.02663725489262181,0.3702023325306879,0
217,0.026112991557196485,0.370995026847447,0
218,0.002749175257025449,0.3720905540336714,0
219,0.011527708695529992,0.3728345229604406,0
220,0.07364509137868791,0.3736692303538629,0
221,0.2726550201571808,0.3738360254413887,0
222,0.026061001100171732,0.37454012292625893,0
223,0.01575065032203804,0.37593072027918084,0
224,0.288268258520738,0.37742197335924144,0
225,0.002917771115423129,0.37881380333830905,0
226,0.0015125779871093536,0.380174767945186,0
227,0.002539511672090322,0.380439176165729,0
228,0.2624620503859537,0.38049135569400316,0
229,0.1126729552960094,0.38113604741455176,0
230,0.001582657483118033,0.38395330394080296,0
231,0.0005497583226329317,0.38487151293343935,0
232,0.3178775176116855,0.3854427699591376,1
233,0.186191017579305,0.3862300602413039,0
234,0.3040460126150185,0.3867763149261869,1
235,0.0011476881407279649,0.3871808907603591,0
236,0.008971852779135814,0.3901745936367008,0
237,0.10208919145654671,0.3909013208617603,0
238,0.2837618470388502,0.39146270509593006,0
239,0.024044784008399378,0.3917748095405392,0
240,0.21118864241012547,0.39188404328734927,0
241,0.0007281989647666132,0.3924952626131737,0
242,0.09138201515046618,0.3931235309274601,0
243,0.392817079217323,0.39368168589081287,1
244,0.04626069433007918,0.39562311275060646,0
245,0.2065968738467484,0.397632524282831,0
246,0.0006397868117129502,0.40058049484862623,0
247,0.3377963989992936,0.4011313789797273,0
248,0.00800014757308587,0.40127581784657596,0
249,0.32866228252361496,0.4020569065446816,0
250,0.2109324788293634,0.4025055709948777,0
251,0.22791748161678282,0.4029141188347186,0
252,0.009833609793458042,0.40444790704565436,0
253,0.380439176165729,0.4068014657523553,1
254,0.06178521527330949,0.40740705858428694,0
255,0.060713838628814965,0.4093911459749019,0
256,0.039744220569924105,0.4104089719386843,0
257,0.3877055197507543,0.41136694748685343,1
258,0.01590751790477163,0.41149339878493785,0
259,0.05503922943226858,0.4116734353494992,0
260,0.3462947248072794,0.41279816723734786,1
261,0.00042252688295008056,0.4148785501653064,0
262,0.04877674309346136,0.41772579713371216,0
263,0.33778017204482047,0.4182428241798395,1
264,0.29123541324346247,0.42104581665684804,0
265,0.2242268354081327,0.42139353740601027,0
266,0.0018906347699639836,0.42414096628682185,0
267,0.42192532692047346,0.4269008547792592,0
268,0.18600566937790952,0.4278342260445488,0
269,0.0011532281001374045,0.43300464903146973,0
270,0.005862606569354556,0.4350742637113031,0
271,0.00024883594919078433,0.4358912664856347,0
272,0.31928681090096267,0.437529738126026,0
273,0.21064266285110333,0.43768855083249425,0
274,0.20216873751185616,0.43768855083249425,0
275,0.09758887241366465,0.43908109990572686,0
276,0.2136319167304903,0.43940354310993035,0
277,0.4208461661687375,0.44199708942887805,0
278,0.009393203784403337,0.4441486310312822,0
279,0.10559033698147147,0.4476566891155931,0
280,0.020802103638378977,0.4491847963271195,0
281,0.41609083066488717,0.44946380615250014,0
282,0.3434745653843325,0.45011971089982683,1
283,0.43402959900024507,0.4513682818534236,1
284,0.41655318432676125,0.45229777532841753,1
285,0.027623506176757684,0.45715627582666307,0
286,0.2647967690832397,0.46222245808466134,0
287,0.09919015614184346,0.4646182110454269,0
288,0.44074197596478015,0.46526045373724856,1
289,0.15398140485574163,0.46716316735642516,0
290,0.18825206714987874,0.46824206673798807,0
291,0.16814160927439492,0.4698445134957635,0
292,0.1769260968912355,0.47552503818089153,0
293,0.011940076958165236,0.47711496785589225,0
294,0.40295852844924707,0.4784261130085642,1
295,0.47788584801170086,0.4806439738391397,1
296,0.28839353281420044,0.4899454599162787,0
297,0.49480036111969194,0.4976340153398249,1
298,0.32412707617361514,0.4987750190821657,1
299,0.43801270859930874,0.5012577432918414,1
300,0.44435296046806905,0.5042076523942628,1
301,0.3678850649529589,0.5048719192954998,1
302,0.5065521830927625,0.5089317076737961,1
303,0.33571915824979426,0.5095981445314014,1
304,0.272378388247994,0.5101757877984372,0
305,0.4918089443816068,0.5179709970462885,1
306,0.06670389988257608,0.521495629714683,0
307,0.3434745653843325,0.5272934175050121,1
308,0.30832601959785744,0.532355301001465,1
309,0.38784103237745404,0.5374472935799105,1
310,0.4629934987007087,0.548812950958787,1
311,0.5489878209221604,0.557701624516423,1
312,0.49386740086692105,0.5656056201507232,1
313,0.44074197596478015,0.5667639966668444,1
314,0.37542899476933944,0.5670455231653648,1
315,0.18955450322805723,0.5701879781167298,1
316,0.25086837173161125,0.5727778299091532,0
317,0.48510869891780783,0.5732119420877226,0
318,0.31049081349988483,0.5889882529526232,1
319,0.4786738063764464,0.5928403562107885,1
320,0.482378505961206,0.5959277369144945,1
321,0.5595257811596377,0.5980378941463561,1
322,0.45634740937247387,0.5984070633665298,1
323,0.47193804743980206,0.6030200708302184,1
324,0.015422731352375818,0.6030473977943122,0
325,0.6004004674436604,0.6049784957888121,1
326,0.3550962564570487,0.607548845630661,1
327,0.22640547322436722,0.611964211188792,1
328,0.35090756976298587,0.6125074328998307,1
329,0.4125236162029279,0.6152007458988119,1
330,0.4995628596580215,0.6159725942849997,1
331,0.605396224400092,0.6166169164617208,1
332,0.3532244959239188,0.6292590870888295,1
333,0.5822452685714059,0.6311655881058027,1
334,0.5930966671396845,0.6316753426680684,1
335,0.45715627582666307,0.6364409295695118,1
336,0.6100220097999302,0.6365716799947528,1
337,0.605082728744194,0.6400995235504109,1
338,0.605396224400092,0.6437137345651855,1
339,0.46652950412906435,0.6525731580207974,1
340,0.5744182906135006,0.6554162816393098,1
341,0.5704181259431187,0.6599211694680535,1
342,0.47525421116347166,0.6661247665957771,1
343,0.605396224400092,0.6663207852513056,1
344,0.42139353740601027,0.666625270039246,1
345,0.44371725656054806,0.6714255719723399,1
346,0.5905810328413401,0.6746935323080556,1
347,0.5318187573367109,0.6760480374997777,1
348,0.3902973694980605,0.6769371162096285,0
349,0.6168741910214105,0.6771681127914211,1
350,0.2507952209157259,0.6795623148545091,1
351,0.5310856782067389,0.6827120146079357,1
352,0.43093293084789586,0.6878291682154879,1
353,0.636914557241534,0.6883105671667581,1
354,0.6791982885045256,0.6885209442046709,1
355,0.5440984742237444,0.690920731540615,1
356,0.3995020738578593,0.6959405811178606,1
357,0.6455251629283542,0.6981425017832839,1
358,0.6452583286276815,0.7009176052294442,1
359,0.6675393908625098,0.7025487374011837,1
360,0.5269950019157221,0.7026896112203833,1
361,0.5101757877984372,0.7033894728739626,1
362,0.5162894116940769,0.704885110237621,1
363,0.47116358373047074,0.7056156783036772,1
364,0.20399688181718645,0.7063046288465142,1
365,0.3474864387325206,0.7063125952746335,1
366,0.6593982643622625,0.7088251892683124,1
367,0.6382123406525153,0.7095087167179002,1
368,0.5957165891317844,0.7117827831367337,1
369,0.6948410064774225,0.7149919693330269,1
370,0.5625250840706304,0.7155228909454817,1
371,0.5180888383198661,0.7164692226535448,1
372,0.3678850649529589,0.7172678640129563,1
373,0.3566525450563366,0.7178096541901072,1
374,0.5872092948963619,0.7197262615600454,1
375,0.19227631236357123,0.7208995883383931,1
376,0.5273839089723119,0.7238241299842642,1
377,0.6674382485351144,0.7242241408509649,1
378,0.5870290417369222,0.725235065253652,1
379,0.604222341779209,0.7276452331642262,1
380,0.46652950412906435,0.7280142291081949,1
381,0.47663510974196566,0.7293484859095936,1
382,0.5655060936712388,0.7328786220882554,1
383,0.2871606094908583,0.7347218107818229,1
384,0.6863160563440479,0.7370380902168111,1
385,0.5008364305639064,0.7370934294320828,1
386,0.4759932627145944,0.7383829855145946,1
387,0.6151246527934429,0.7387613506200126,1
388,0.7345487003577437,0.7416016718852374,1
389,0.43029495839633725,0.742904790843564,1
390,0.7120597655935048,0.7448954095230911,1
391,0.6900347490583788,0.7457571482583831,1
392,0.7190736671625538,0.7463300607347809,1
393,0.4426435100952336,0.7485955118186723,1
394,0.6097859734081852,0.7487370715163878,1
395,0.613565401432194,0.7516362272788814,1
396,0.5074729001935288,0.7527682064789194,1
397,0.7236711611246657,0.7536016464805905,1
398,0.7526222132602671,0.755438590732906,1
399,0.6096917578594282,0.7568439489025595,1
400,0.6964116903265869,0.7578249279771141,1
401,0.544840470331576,0.7581234927858005,1
402,0.5763806770731688,0.7588294190129743,1
403,0.7042956271101577,0.763729816440185,1
404,0.5579140371647558,0.7638829319782372,1
405,0.7429538751893884,0.7645826819472823,1
406,0.6810000655394263,0.7651439078793189,1
407,0.4082580038899669,0.7653764550070342,1
408,0.7141488128972545,0.7669170536760186,1
409,0.6039138089942022,0.7671033200582057,1
410,0.5595257811596377,0.7680553878811889,1
411,0.522221133699756,0.7680967637182065,1
412,0.3877055197507543,0.7682137389354583,1
413,0.623398512318092,0.7682852650435189,1
414,0.7171819281234016,0.7686593380293826,1
415,0.6631161371922559,0.7687957250673926,1
416,0.5954648381297555,0.7705034657336621,1
417,0.7550126823078619,0.7715066523403479,1
418,0.5932235423084571,0.7741575451321214,1
419,0.5273839089723119,0.7744734783343326,1
420,0.501943811755918,0.7748823163667461,1
421,0.46486818423349296,0.7764135654864541,1
422,0.2474516069856526,0.7771802607029614,1
423,0.6709861728759159,0.7775279562367658,1
424,0.4840501976924865,0.7779219421292521,1
425,0.5932235423084571,0.7787706724025808,1
426,0.5763806770731688,0.7826570129150737,1
427,0.61562529942819,0.782683413783587,1
428,0.5526508745479013,0.7866891578289101,1
429,0.561801607418918,0.7869289811329994,1
430,0.7330699701749396,0.7878641718399194,1
431,0.7550126823078619,0.7882568323280014,1
432,0.5952554574860912,0.7896790829623656,1
433,0.6827706245711818,0.7915959718280239,1
434,0.582089959627084,0.792340771444241,1
435,0.7743038431013044,0.7924613689467208,1
436,0.5501246842369286,0.7925403393586489,1
437,0.7088636898755611,0.7932763839046448,1
438,0.5204576609044187,0.7941182823238437,1
439,0.7273422690522554,0.7949575278315193,1
440,0.6463020580586528,0.7951891817078086,1
441,0.5475010780306963,0.7963619386437879,1
442,0.521495629714683,0.7964290655666184,1
443,0.6603011705111989,0.797340694066167,1
444,0.6129762291883364,0.7974969253913627,1
445,0.57285001308412,0.7998228115702227,1
446,0.5627630150266127,0.8005352337340962,1
447,0.675116475855071,0.8009515711653735,1
448,0.7178650072386613,0.801908600745394,1
449,0.4603952977120809,0.8026172685719715,1
450,0.6587891394844428,0.8032048780916948,1
451,0.6616618015726725,0.8049527105432723,1
452,0.37593072027918084,0.8071382787642254,1
453,0.44515925370525433,0.8074283838555375,1
454,0.7834117293570239,0.8077646070649271,1
455,0.6097859734081852,0.8087211885837756,1
456,0.13394786335401265,0.8101058682151787,1
457,0.6338494651717453,0.8114296107314946,1
458,0.6504155940405831,0.8115990009979019,1
459,0.5559632424132918,0.8120396207015684,1
460,0.41831385847030256,0.8123561745954171,1
461,0.7045696611070084,0.8129687136152499,1
462,0.4631557286650765,0.8135548679950325,1
463,0.4999355789014128,0.8146918965368108,1
464,0.6666972305111158,0.8154723083046678,1
465,0.5552883846917902,0.8165100364844192,1
466,0.5568259588016077,0.8170616741926598,1
467,0.7749605686301815,0.8181032503209401,1
468,0.45121345599741125,0.8182290056078017,1
469,0.7914453319601591,0.8184220585325424,1
470,0.6019353182224316,0.820321713953824,1
471,0.6794930841887662,0.8228232841364325,1
472,0.5417368127407217,0.8237764613958461,1
473,0.4999355789014128,0.8250560668568185,1
474,0.6999932988076387,0.8258903635636823,1
475,0.7248658361159499,0.8259719497043361,1
476,0.5214640795324169,0.8264874126173287,1
477,0.4450108965240136,0.8266831084705841,1
478,0.525251988473014,0.8268141098412815,1
479,0.6791982885045256,0.8274760657839321,1
480,0.6055616315412709,0.8285692521011372,1
481,0.7156506438013633,0.8287734237799821,1
482,0.4661072957913819,0.8291958188741243,1
483,0.7236711611246657,0.8295486619120468,1
484,0.578699944240961,0.8296686936125534,1
485,0.5781627096515765,0.8301436110213312,1
486,0.5053184806143389,0.8303228420973788,1
487,0.5411920167736692,0.8321173617985418,1
488,0.6497230579322401,0.8323013046374554,1
489,0.4918089443816068,0.8331491805829584,1
490,0.660772253930364,0.8331981121741079,1
491,0.5221647351478138,0.8345138790136508,1
492,0.4583433666088862,0.8347792126422614,1
493,0.6884819148116424,0.8348288686095421,1
494,0.7521496910072897,0.8364347955362093,1
495,0.7513358918760875,0.8388433731158017,1
496,0.7875806384839823,0.8388803777756523,1
497,0.5714079175635269,0.839120549596331,1
498,0.8110265029332873,0.8391393882055029,1
499,0.7877306525541563,0.8400131959303184,1
500,0.594196245558405,0.8405724879424731,1
501,0.41141307191348553,0.8416501728554969,1
502,0.4995628596580215,0.8423191804476192,1
503,0.5943350346952269,0.8430498016515101,1
504,0.8183071732029185,0.8435416973852374,1
505,0.7275901630953949,0.84518939097417,1
506,0.6837227445321333,0.8463618201133074,1
507,0.7825987233135527,0.846882680122964,1
508,0.7128963279159063,0.8476301393949816,1
509,0.5059270738848248,0.8483294901807178,1
510,0.47760528780273837,0.8497925100978744,1
511,0.42725814357531167,0.8503323475888174,1
512,0.7306029589583726,0.8504934071035107,1
513,0.8331189241762574,0.8522796071814948,1
514,0.5042285856118762,0.8559350656051367,1
515,0.7550671611770372,0.8560213498778979,1
516,0.7550312112702753,0.8560536874866389,1
517,0.5872310577899202,0.8565195456383934,1
518,0.6748710034151424,0.8568786756448729,1
519,0.5559632424132918,0.8572081474523208,1
520,0.29030964518143665,0.8574548868760129,1
521,0.7406864083585187,0.8582732301143038,1
522,0.6441083542357193,0.8584249953582431,1
523,0.6030473977943122,0.8590746038917525,1
524,0.6436860913821207,0.8610145955126751,1
525,0.6261412971956728,0.8611313234420321,1
526,0.6299343388125224,0.8614661139286839,1
527,0.4690264327806001,0.861727762644955,1
528,0.5514191263367662,0.8624905389631436,1
529,0.7846520502381847,0.8630660500555797,1
530,0.7323873464264314,0.8644209210508933,1
531,0.6236615636644337,0.8645345176275425,1
532,0.5239284416164659,0.8653816936094901,1
533,0.6152441738061484,0.8654695543407032,1
534,0.7924303655312569,0.866781810456406,1
535,0.45186857624182597,0.8669611245270716,1
536,0.6064898824874222,0.8673632220260117,1
537,0.32052043909556893,0.8674920060356781,1
538,0.7571165694804391,0.8677059314326672,1
539,0.3308329129162605,0.8678541118869191,1
540,0.5970542488164895,0.867885958671309,1
541,0.7002195163163616,0.8696050094056839,1
542,0.4899454599162787,0.8699665696221537,1
543,0.7027820374222491,0.8701065950948741,1
544,0.3736692303538629,0.8707674860792218,1
545,0.43950350112739,0.8717529223646889,1
546,0.4127023591881265,0.8732587005572215,1
547,0.46330971028749957,0.8741380837530528,1
548,0.6819522373556958,0.875276741508616,1
549,0.39890937824033446,0.8762850029360192,1
550,0.6481160854504011,0.8765618059547597,1
551,0.6840969166796699,0.8771910823791181,1
552,0.5849230172742543,0.8772645313161621,1
553,0.7931448339012342,0.8783064250013581,1
554,0.5957165891317844,0.8787635259655794,1
555,0.6495098450446967,0.8791010223784557,1
556,0.39146270509593006,0.8793699814007078,1
557,0.7319578803997809,0.8798921989616312,1
558,0.49413731794533344,0.8806342488752946,1
559,0.8049998300329101,0.8811681121150756,1
560,0.812702885047231,0.8814166787746401,1
561,0.8642724248402872,0.88225734077082,1
562,0.8705961572387299,0.8824712778539681,1
563,0.5550853358781171,0.8832209121866441,1
564,0.46348588051744133,0.8834144467520415,1
565,0.5273839089723119,0.8841529183042472,1
566,0.3800510953840198,0.8850055588410863,1
567,0.4103688377937197,0.8859804891119084,1
568,0.6683032486025111,0.8860065865933078,1
569,0.5918385080833917,0.8862740852209193,1
570,0.7297795715143507,0.8867074877236242,1
571,0.8171088453781993,0.8874824773305712,1
572,0.6785104511719665,0.8894709471266277,1
573,0.5247228093449255,0.8895112182731681,1
574,0.6464475216343397,0.8902180279128059,1
575,0.2814736434060947,0.8903602953287284,1
576,0.68853307050344,0.8904575650590103,1
577,0.6550351693154283,0.8907800757063155,1
578,0.5295288494466841,0.890819624854347,1
579,0.24954518813735338,0.8910430431564437,1
580,0.6603011705111989,0.8912687540782165,1
581,0.8590700749264497,0.8918584542579542,1
582,0.6675393908625098,0.8921112164624169,1
583,0.659136189258,0.894033958042455,1
584,0.8160147041809436,0.8952912136255482,1
585,0.798124929625523,0.8960034701920452,1
586,0.5245085980310904,0.8967388724286205,1
587,0.392817079217323,0.8968662378651249,1
588,0.46716316735642516,0.8974067505751232,1
589,0.8889046119401889,0.8978364410552636,1
590,0.24414857060643647,0.8983377009722718,1
591,0.7890466447844278,0.8992383571854697,1
592,0.8796310979216594,0.9010618522993782,1
593,0.5935784351183244,0.9011596729574806,1
594,0.5295288494466841,0.9012657795197543,1
595,0.768759916917984,0.9021251684282786,1
596,0.35508873958592,0.9024701818382713,1
597,0.4730634175424936,0.9032305712811342,1
598,0.5271687987560418,0.9045682646345888,1
599,0.6497230579322401,0.9045879042213458,1
600,0.519517955257202,0.9053354503621884,1
601,0.539210814088508,0.9055592372795441,1
602,0.815707122887588,0.9066614218006855,1
603,0.4655258144693033,0.9067514902834257,1
604,0.5750706015013631,0.9078833986948032,1
605,0.47760528780273837,0.9092218772730327,1
606,0.38202574838301495,0.9092516231676371,1
607,0.5432367151323928,0.9094832979670134,1
608,0.6277619155267767,0.9114585559589315,1
609,0.5514191263367662,0.9115446402598406,1
610,0.46486818423349296,0.9116943945404014,1
611,0.7547127589195396,0.9117794664814084,1
612,0.3554736307259079,0.9119555651383855,1
613,0.7100257982500556,0.9135294210267647,1
614,0.43950350112739,0.9137140011822982,1
615,0.7173364606524928,0.9143381012814622,1
616,0.6900347490583788,0.914395110058869,1
617,0.4269738099327476,0.914844259122403,1
618,0.6814881226685058,0.9152198007327497,1
619,0.8398373804484544,0.9153101543542411,1
620,0.4522343649412879,0.9154493396780402,1
621,0.5445556972976136,0.9177892268613325,1
622,0.5615464594799212,0.91803485558147,1
623,0.6709861728759159,0.9192312660954064,1
624,0.5986508731510133,0.9198086581775134,1
625,0.582644884892594,0.9199380015037342,1
626,0.6663930814078645,0.9199972485639094,1
627,0.7012018438087243,0.9205425020856459,1
628,0.7776935584763822,0.9206594961882423,1
629,0.730961173113836,0.9219929594372194,1
630,0.7572720733109102,0.9225297198412225,1
631,0.7715862320246283,0.9225842943558408,1
632,0.8429826024106366,0.923057749575478,1
633,0.6168741910214105,0.9232194017039551,1
634,0.579428924030433,0.9232861384199637,1
635,0.5797178053827275,0.9242888222493291,1
636,0.4090749702035299,0.9245382925106026,1
637,0.5978757065621553,0.9261918823260082,1
638,0.5252421049001689,0.9281205553876084,1
639,0.7447761273800578,0.9282270894388163,1
640,0.4949183483470272,0.9283802302853251,1
641,0.6040194124336009,0.9301416894326775,1
642,0.43519898250325273,0.93058740973535,1
643,0.8398373804484544,0.9310173751283641,1
644,0.6299343388125224,0.9311035589398147,1
645,0.8059750302910521,0.9314745173008786,1
646,0.7831455448692166,0.9315173746585691,1
647,0.6495098450446967,0.9322022705706825,1
648,0.6665170627222297,0.932255246554379,1
649,0.6787622967461996,0.9328613420109724,1
650,0.7825987233135527,0.9338356688148384,1
651,0.5252421049001689,0.9338775879994704,1
652,0.8171088453781993,0.9339352248198927,1
653,0.6444730030228744,0.934618715789672,1
654,0.8389002311309111,0.9349656936176332,1
655,0.556092431811557,0.9354427276259664,1
656,0.6034752456452791,0.9362696644446682,1
657,0.6665170627222297,0.9367406339566562,1
658,0.258351334999975,0.9372871649536679,1
659,0.35543255367340765,0.9376500187102439,1
660,0.6885447238689398,0.938207254265254,1
661,0.53655205665841,0.9382765122494007,1
662,0.6157539714730175,0.9386432357125029,1
663,0.80890813778705,0.938666532896489,1
664,0.30661700501440325,0.9392178150122023,1
665,0.4840507642803814,0.9392992170427539,1
666,0.5758922799009943,0.9398735641989714,1
667,0.7273422690522554,0.940451764766083,1
668,0.4721264934840992,0.9409864288223244,1
669,0.21546363294637416,0.9414948760714529,1
670,0.5281292160688555,0.9425087349804936,1
671,0.42623475697207147,0.9427498892464191,1
672,0.5284816889960325,0.9429513016712764,1
673,0.768759916917984,0.9430044418960736,1
674,0.41141307191348553,0.9435917242166584,1
675,0.9171061584125484,0.9436786579888006,1
676,0.8497420508632009,0.944186267948169,1
677,0.49721020111049086,0.9445300627991835,1
678,0.5418411457978342,0.9445540745931819,1
679,0.3837689329669436,0.9458408229250387,1
680,0.7446178731519286,0.9459875037094215,1
681,0.7116947497890155,0.9462719636651409,1
682,0.869159567637028,0.9463244217762464,1
683,0.8695368886227046,0.9463276720070465,1
684,0.7446178731519286,0.9463696853343896,1
685,0.7722006212827162,0.9473235470768071,1
686,0.7630628626146698,0.9480891075526666,1
687,0.5290190571784688,0.9485828586640651,1
688,0.8343646974509479,0.9489391317255929,1
689,0.5396577777747198,0.9493611310007468,1
690,0.5946422169915824,0.949477613676994,1
691,0.8654252486751087,0.9496322779541999,1
692,0.775325660607958,0.9501615511839631,1
693,0.6769371162096285,0.950376393479473,1
694,0.5245978646807187,0.9509326189706442,1
695,0.7036108779231605,0.9524364644327645,1
696,0.7834057349334042,0.9526940497092375,1
697,0.7325407372217194,0.9535997027998269,1
698,0.6784588717190596,0.9539340132945311,1
699,0.5217612522612505,0.954114963298101,1
700,0.5294061870982117,0.9545879924652394,1
701,0.814787838597017,0.9551001829619353,1
702,0.24511518748061634,0.9558230312549889,1
703,0.6239405360544453,0.9576541589806592,1
704,0.5473195363333795,0.9576964259181013,1
705,0.5552883846917902,0.9577324263602847,1
706,0.474066724087704,0.9587458431021376,1
707,0.675116475855071,0.9594070850301415,1
708,0.4784951772885898,0.9594479203016525,1
709,0.8055231774716919,0.9597518530457372,1
710,0.2953866761711196,0.9599067011699568,1
711,0.5701951716506193,0.9603618183583117,1
712,0.5220086258146125,0.9605700290774698,1
713,0.4997705178971138,0.9609774938737361,1
714,0.49428057051478314,0.9616567739129204,1
715,0.4611526379468617,0.9617376601943398,1
716,0.7283599838937395,0.9628083978335098,1
717,0.9053915318666613,0.9628366592451857,1
718,0.4159104270232943,0.9631657753905208,1
719,0.8636555905266605,0.9636787368058778,1
720,0.7675016231649229,0.9640391808687818,1
721,0.8796310979216594,0.964273336511084,1
722,0.4029357728392168,0.9648632563713595,1
723,0.7328983084383681,0.9649483478153805,1
724,0.36068824706686486,0.9656255384355642,1
725,0.7075146778880876,0.9662486292285655,1
726,0.7100257982500556,0.9667850641403559,1
727,0.4159104270232943,0.9670648192431076,1
728,0.4510227750764876,0.967306482899175,1
729,0.6244348688295309,0.9676122820594482,1
730,0.5083349628787145,0.9679688348388609,1
731,0.5202534132761067,0.9679746333444573,1
732,0.4287674697041127,0.968516424116241,1
733,0.7399664200213699,0.9689290925792118,1
734,0.535918051377296,0.9690374077615137,1
735,0.6863160563440479,0.9700404889652741,1
736,0.6383310809265395,0.9705432115613964,1
737,0.6398525831831324,0.9713241697840819,1
738,0.4082580038899669,0.9714147260541363,1
739,0.40295852844924707,0.9718683728809213,1
740,0.775325660607958,0.9719920361738897,1
741,0.5466224154413968,0.9720332087932696,1
742,0.5825070652351151,0.9724868578324335,1
743,0.7450981393766757,0.9728380320300785,1
744,0.4692260511125793,0.972848707047437,1
745,0.6137187775324939,0.9729326027551067,1
746,0.6787808449578878,0.9732110381228717,1
747,0.6354142282695512,0.97333406894343,1
748,0.546407629730807,0.9735090023004986,1
749,0.5175570455995049,0.9740501302979602,1
750,0.7596862748200971,0.9742976046261449,1
751,0.5489878209221604,0.976062517000778,1
752,0.5094171778565526,0.9765131912865248,1
753,0.5035356828275959,0.9770616222508863,1
754,0.3417276803035719,0.9783073444001859,1
755,0.6249874774945994,0.9786265934374225,1
756,0.42479716367316633,0.9789995829538394,1
757,0.43959174347014873,0.9793967725950684,1
758,0.6157539714730175,0.979641619528421,1
759,0.47552503818089153,0.979840211367407,1
760,0.397632524282831,0.9799447637998404,1
761,0.518518692156333,0.9810609626542487,1
762,0.532425676432754,0.9812961456132048,1
763,0.5239284416164659,0.9813743763391468,1
764,0.5872092948963619,0.9819722592894466,1
765,0.47581783367973307,0.9823991139940114,1
766,0.4603952977120809,0.9830276663709729,1
767,0.537957873666181,0.9836786766128469,1
768,0.5032731551192204,0.9840856659674637,1
769,0.49324477472704686,0.9845096764110068,1
770,0.49386740086692105,0.9845983296625679,1
771,0.4533604766229197,0.9853170147565106,1
772,0.6843961207259993,0.9853447050883838,1
773,0.6113992539003307,0.9856306186729731,1
774,0.4682379487277263,0.9858093016623818,1
775,0.39625145051872757,0.9866334559880116,1
776,0.4569132054928262,0.986741713581194,1
777,0.40570436390517695,0.9867999366377986,1
778,0.6023249695297445,0.987065567894875,1
779,0.6113986601853589,0.9874650629983437,1
780,0.5797178053827275,0.9880119274529509,1
781,0.4676845215054578,0.9881731292476928,1
782,0.44946380615250014,0.988430917027623,1
783,0.53081580467901,0.9884425404142806,1
784,0.5132198936287818,0.9884514123338219,1
785,0.3738272774270286,0.9898370879048173,1
786,0.4781440982005487,0.9898710903232572,1
787,0.5695712437242793,0.990134034484292,1
788,0.432948911804209,0.9908171387184566,1
789,0.6160363467167131,0.9909346661578319,1
790,0.4354661618277583,0.991519430340592,1
791,0.5674723353303348,0.9915940801678421,1
792,0.4541286110400181,0.9918125765044088,1
793,0.6152636134245982,0.9920760903773784,1
794,0.7156520369866091,0.9924421337016641,1
795,0.5268242674776226,0.992531357957551,1
796,0.27549912020234335,0.9930132397706292,1
797,0.45580901219080683,0.9941450595633106,1
798,0.40560542995475735,0.9949473500978363,1
799,0.45146712751298423,0.9949918006016901,1
800,0.236408211998272,0.9952121614403286,1
801,0.5032731551192204,0.9962946724068046,1
802,0.46483435183820976,0.9970530575881642,1
803,0.4168461582758256,0.9973135361219917,1
804,0.4523911530265602,0.9975047830286385,1
805,0.40985601831288376,0.997674288930795,1
806,0.507216505291758,0.9990754506663317,1
807,0.5550853358781171,0.9993664632659294,1
808,0.437529738126026,0.9994097168624253,1
809,0.0002327928424273873,inf,0
810,0.38049135569400316,inf,1
811,0.42296335879873137,inf,1
