,Birth,Death,Dimension
0,0.03350307517812934,0.035015448786196,0
1,0.03261976070932637,0.040948837746961786,0
2,0.02447874759431934,0.04325101871704673,0
3,0.028301516303372742,0.044388771095647095,0
4,0.02239384461611793,0.052855368324492,0
5,0.02633539840978294,0.05675021969001748,0
6,0.03237187734693403,0.06391712158122831,0
7,0.06105442965651642,0.06512143680805726,0
8,0.05619221829236498,0.06596250860872876,0
9,0.02131750765964857,0.073047054809676,0
10,0.03740477061757519,0.07681474570063829,0
11,0.055780219827531674,0.07869751095105315,0
12,0.06477341910146961,0.08733694237095091,0
13,0.034830308942717214,0.08834914926892856,0
14,0.07452726540902022,0.08842471107609196,0
15,0.057105336236406234,0.09000014295383008,0
16,0.013232612145665956,0.09025597138056418,0
17,0.03107304497503438,0.09394208154625827,0
18,0.021185114458420307,0.09505225396583294,0
19,0.06451628811392296,0.1093072389033688,0
20,0.0946946168587387,0.113016747793111,0
21,0.09569187249920175,0.11982728187817282,0
22,0.10667433136385052,0.12025583676049922,0
23,0.11482122893936264,0.12072359623280993,0
24,0.1031623164089045,0.1230110880427221,0
25,0.04507033416765771,0.12876052962431161,0
26,0.07201211235024985,0.13192579832919693,0
27,0.040514763167110335,0.13192579832919693,0
28,0.01635799754529832,0.13257805589148275,0
29,0.06542320272460322,0.13497595479439473,0
30,0.1015811930607402,0.13509076466647796,0
31,0.09491422852027165,0.13515758588446714,0
32,0.08166240020080151,0.13536541214713216,0
33,0.066021202414552,0.13559697191681108,0
34,0.010319327437774861,0.13561075462726913,0
35,0.012621888456657127,0.13567686163948445,0
36,0.021311833788032253,0.1375500946947652,0
37,0.09837922248560493,0.13908229588155263,0
38,0.10963768072837732,0.14014098163137512,0
39,0.030248001059348217,0.14014098163137512,0
40,0.12670769666072146,0.14128247037730446,0
41,0.07295127192071327,0.14147434592206676,0
42,0.09210096089814912,0.14169357504238744,0
43,0.0666237853509396,0.14169357504238744,0
44,0.017854858315903832,0.14324081691133872,0
45,0.053048784700399754,0.145151308675605,0
46,0.12258557391836045,0.1458702060264675,0
47,0.016678287773912004,0.14659612646280806,0
48,0.03281962341223876,0.1467028573397252,0
49,0.0868727428734517,0.14742887626263013,0
50,0.11828865813072564,0.15196044705988843,0
51,0.1005228951815279,0.15343518295284497,0
52,0.125072927805426,0.15941078637805028,0
53,0.024434937226827214,0.1600519109076377,0
54,0.10943238085033657,0.16436131458707326,0
55,0.011681621530244213,0.16700725019742058,0
56,0.1340824396608069,0.16755405848796245,0
57,0.034579558542152666,0.1681287124420694,0
58,0.12429479037618707,0.16816115035183676,0
59,0.08743593181835807,0.16832376728108,0
60,0.06195349554156693,0.16832376728108,0
61,0.04886122390611858,0.16832376728108,0
62,0.008896381929621056,0.1687416897997166,0
63,0.010493614621658542,0.16909133844248825,0
64,0.10920952519145977,0.17055510027933907,0
65,0.08080249248013005,0.17322626975650202,0
66,0.05058687814601048,0.17584562833737372,0
67,0.0709974173133352,0.17644948699994067,0
68,0.04344402384080459,0.1792175114681389,0
69,0.08954352142856359,0.1809534678095891,0
70,0.060875300611799354,0.1835784743979768,0
71,0.05446147979729232,0.1835784743979768,0
72,0.15137568324842376,0.18527642955870516,0
73,0.04595675422980616,0.1862812512778208,0
74,0.0837621356500785,0.18823324275652842,0
75,0.17153530048414145,0.18945056795013449,0
76,0.06098090544207868,0.19090386025487038,0
77,0.15934592395743774,0.19090386025487038,0
78,0.16136281895016802,0.19147393533465218,0
79,0.18516314902712705,0.19192612602272008,0
80,0.06021955912509236,0.19234598047780782,0
81,0.1608437955586991,0.1924620489635993,0
82,0.16903595650794967,0.19265201803388055,0
83,0.08550350077480118,0.1931651203760737,0
84,0.006919197310783942,0.1932660796891248,0
85,0.047394032685391774,0.19492369250683805,0
86,0.15885770813287126,0.19492369250683805,0
87,0.15862229275143025,0.19649447831781075,0
88,0.1618300980313424,0.19726238791345962,0
89,0.18041304662456004,0.20061376692525268,0
90,0.1454254163701001,0.20109532377708783,0
91,0.07686257818413023,0.20480373279971298,0
92,0.019683179732683853,0.20480373279971298,0
93,0.11069280349708865,0.20500283546844567,0
94,0.051072179262725115,0.20731915187840488,0
95,0.07214783706665162,0.20737687265585447,0
96,0.08049851518904116,0.20804510150279898,0
97,0.2038027221035693,0.20804510150279898,0
98,0.02965544211497828,0.20866383826847057,0
99,0.1719099086939797,0.20889259903263657,0
100,0.07758526471055216,0.2113902008630404,0
101,0.08945255179680256,0.21236652741525097,0
102,0.2060745109388875,0.21312846278639452,0
103,0.03209057575060781,0.21485345175757686,0
104,0.04018419442503407,0.21515538040201054,0
105,0.055140358897483366,0.21535406175354777,0
106,0.16222865533036157,0.21558194898671923,0
107,0.1407547159807846,0.21605604005729884,0
108,0.018328141888984573,0.21609035363730555,0
109,0.03081966031001826,0.217156737529981,0
110,0.2082581604660635,0.21752525645056597,0
111,0.03470373785855385,0.21752525645056597,0
112,0.09492549701860231,0.21781071081461467,0
113,0.11877675089953399,0.21826450476181825,0
114,0.010396226258744368,0.21837574352502542,0
115,0.10674412273069356,0.2185414830637884,0
116,0.1011273406340849,0.22169454617210826,0
117,0.1163340295995875,0.22226268968005236,0
118,0.13403871897925812,0.22307400553580914,0
119,0.02494057178653275,0.22309728495371606,0
120,0.030772341622778754,0.22438392020740816,0
121,0.08530316832259488,0.22477193052375033,0
122,0.062258450157639644,0.22541964432584627,0
123,0.21912590407323895,0.2263379685776784,0
124,0.03202870855197193,0.22802083523180328,0
125,0.12528329324728893,0.23006565280174485,0
126,0.10932843785334967,0.23019402678235767,0
127,0.18780418197443882,0.23070074369393567,0
128,0.035791285891536684,0.23180317685001184,0
129,0.15068291026979685,0.2318877499964518,0
130,0.23420962251296062,0.23519793426822289,0
131,0.16187446494453273,0.23543245428495407,0
132,0.055179622618578006,0.23667178383342535,0
133,0.09520457577027563,0.2372972811934836,0
134,0.05718777505709516,0.23848578540622822,0
135,0.06944299792449482,0.2391405298724132,0
136,0.047606542925508366,0.24032941923013762,0
137,0.1393413458637094,0.2405158044507133,0
138,0.04207303200247425,0.2414177686155342,0
139,0.03601410881514955,0.2426815132355885,0
140,0.016972680791113137,0.2426815132355885,0
141,0.09865764891342133,0.24489393460843367,0
142,0.05239626322236168,0.24570225653033417,0
143,0.03932866976884286,0.2457242449769036,0
144,0.15982931235361686,0.24614950909774036,0
145,0.05732360820581561,0.2472867668912081,0
146,0.0149248975920806,0.24739918733138344,0
147,0.24326523610196316,0.24756904721840833,0
148,0.215442047654416,0.24763182478503143,0
149,0.0859156896269313,0.24863670136513316,0
150,0.2391959566056282,0.24969033731810097,0
151,0.060460440415623706,0.250272315609268,0
152,0.19676108294218386,0.25089298791676273,0
153,0.1922442678598989,0.25148445820768095,0
154,0.11335778734431501,0.25342977762602903,0
155,0.2060954717709612,0.2539839179024357,0
156,0.15313853864910631,0.2547441271028371,0
157,0.16610719566919452,0.25829374408416805,0
158,0.06809183409632313,0.25850364825008587,0
159,0.23006565280174485,0.25871232647458287,1
160,0.016444301899624647,0.2588381413299887,0
161,0.20137080444872535,0.2589320028445189,0
162,0.049060674120249725,0.25900573953503325,0
163,0.17209244026658221,0.25900573953503325,0
164,0.006668103836154904,0.25911128831245056,0
165,0.1752941788037804,0.25932332064298713,0
166,0.01192487342359394,0.2614145978213952,0
167,0.12476154017790264,0.26154650377153077,0
168,0.029868507147297385,0.26207087275782914,0
169,0.06363562541287426,0.2638486651654688,0
170,0.0348582484068416,0.26460632641389226,0
171,0.23825464656391415,0.26480076298464483,0
172,0.1406780612580012,0.264839910339841,0
173,0.013584447582766557,0.2650726093626481,0
174,0.06246130889678436,0.2687618999399771,0
175,0.050023367907104044,0.2687702931297521,0
176,0.10532777782765745,0.26898897610756733,0
177,0.17303482142057447,0.27182310506915386,0
178,0.18678468071559107,0.27217032303305577,0
179,0.06528195001362347,0.2722213161351643,0
180,0.10579642800408129,0.2733519220855003,0
181,0.03793455975124993,0.2734134505195591,0
182,0.011891913758000805,0.2742050111713108,0
183,0.08952264960533318,0.2745451353058179,0
184,0.13413788434377516,0.2747995928808896,0
185,0.016478106622706656,0.27540339852109275,0
186,0.14792836188830816,0.27594587117902525,0
187,0.0788604306682501,0.2782534611012576,0
188,0.05119907654575062,0.27925361006404126,0
189,0.12601421082979747,0.2802880704811631,0
190,0.015167935977851044,0.2812336535040777,0
191,0.08709663952632596,0.282381742244013,0
192,0.06710117154443407,0.2825610855925351,0
193,0.024185885396774354,0.28282296161119536,0
194,0.08481697837873636,0.28416668212963114,0
195,0.23527079976845133,0.2843741258927821,0
196,0.17987225193107448,0.28469387793854173,0
197,0.10820463621303578,0.2854697530967004,0
198,0.07821683250270683,0.28664724377671136,0
199,0.07416385565276928,0.2867830202226157,0
200,0.07300125657766454,0.2867830202226157,0
201,0.20395474924756696,0.28782691982863595,0
202,0.10597434332910316,0.2889975435306137,0
203,0.03342861361915561,0.2892608818447294,0
204,0.008440005663675532,0.29006027184990035,0
205,0.20164489790864826,0.290692888972902,0
206,0.03594039925190806,0.29203306873105517,0
207,0.03142418654481183,0.2924470991925464,0
208,0.005914501815432516,0.29296628983032214,0
209,0.058451738705303846,0.29433316999520087,0
210,0.2770006821996043,0.29625213744714596,1
211,0.20826293174694654,0.2962648815748882,0
212,0.026722026308616087,0.29737231052393565,0
213,0.044056828837706785,0.2977545296971601,0
214,0.2170543108819386,0.2985436330685791,0
215,0.07000365694985233,0.2993924279051853,0
216,0.08480678318491786,0.29980340124405613,0
217,0.040891035201495174,0.29980340124405613,0
218,0.13868271987214154,0.30057146585249594,0
219,0.006896595143814577,0.3045034799281592,0
220,0.0591839491216668,0.3045614650829145,0
221,0.11601908505736147,0.30493253611866733,0
222,0.22049324387575053,0.306024640623061,0
223,0.11208330196350968,0.30737582545399234,0
224,0.01226667471648435,0.30773509742563454,0
225,0.07808012284704713,0.30937996352784825,0
226,0.0544622547319521,0.3108833607998346,0
227,0.05276553718281285,0.3114389429176927,0
228,0.03108401566090524,0.31334079842859885,0
229,0.06976874133466093,0.3135803109164501,0
230,0.02537361453411291,0.31382643578924874,0
231,0.16543744240978253,0.31399127988355713,0
232,0.11829838084486444,0.31399127988355713,0
233,0.016440971999512888,0.3143332262027928,0
234,0.061839677446689056,0.3156118762802608,0
235,0.039068109065105716,0.3163816049845951,0
236,0.18916805557571215,0.3168873937734039,0
237,0.008636857246516971,0.3168873937734039,0
238,0.29104222199936824,0.31690819961755023,0
239,0.05582966133292955,0.31751008643691525,0
240,0.2738873868431131,0.31889578195310386,0
241,0.019356593260992705,0.32096509787714234,0
242,0.046555804586416505,0.3214899052592536,0
243,0.031348765470254225,0.3214899052592536,0
244,0.15296967714492615,0.3220106040893256,0
245,0.06631495794605213,0.3221037734415524,0
246,0.10504809306900897,0.32610870133472125,0
247,0.26246677265787965,0.32714422249815833,0
248,0.2621271492445254,0.32760027504107014,0
249,0.08382824172047465,0.32845526906724143,0
250,0.16846620767103238,0.3286491377863162,0
251,0.03541049181900091,0.33116542671235283,0
252,0.017567259926790868,0.33132662905763133,0
253,0.24457453053312816,0.3315887038671276,1
254,0.011115675938244252,0.33169945310797244,0
255,0.14699445532348288,0.33182959742016105,0
256,0.16999280750464885,0.33216161449267123,0
257,0.032490498900007325,0.332567341332611,0
258,0.0073363643945777435,0.332567341332611,0
259,0.17876477162413273,0.3330739907751856,1
260,0.0014800075047038952,0.33310642981765104,0
261,0.06760898739222043,0.33345505118010477,0
262,0.05557595823220762,0.3343009814916561,0
263,0.052415470494852845,0.33460875863014383,0
264,0.04558337004454982,0.3350894685543664,0
265,0.06128138917304615,0.3356546248135699,0
266,0.2499595931761014,0.3378395639904357,0
267,0.2511588922525084,0.3386585174740827,0
268,0.028990370911225694,0.3386642001538077,0
269,0.319591906141658,0.33877683452304697,0
270,0.31767806629135165,0.33877683452304697,0
271,0.2527639982942479,0.3401755254009923,0
272,0.3388808429537141,0.3404607707243277,0
273,0.05850063992125054,0.3425549404999544,0
274,0.09502858484928967,0.34373559560317735,0
275,0.04222224294366983,0.3441989854597931,0
276,0.011994094058413451,0.34440236949916403,0
277,0.024704568411849537,0.34440236949916403,0
278,0.08630406822511993,0.3444732800678323,0
279,0.012459089738507179,0.3444732800678323,0
280,0.17496224632487078,0.3446110551574413,0
281,0.2720996636106806,0.34498067938247234,0
282,0.053904537241081574,0.3452547147188205,0
283,0.10199463252686713,0.3459689439465521,0
284,0.312575491366786,0.34632908647854377,0
285,0.3113736031214376,0.3466683266516266,0
286,0.03219698064151888,0.3472720291360606,0
287,0.29382222676796854,0.34758084590899563,0
288,0.03197588409821406,0.34963295383974335,0
289,0.0013230117435405475,0.3496749519729694,0
290,0.22955636483428377,0.3516067207765683,0
291,0.03183591118257456,0.35196895152077967,0
292,0.11865507370865458,0.3529820587797088,0
293,0.004001545344405888,0.3529820587797088,0
294,0.09609791835609327,0.35385685534381695,0
295,0.025646827859236887,0.3542781527030421,0
296,0.011115522189405924,0.35428039702220837,0
297,0.09871638894637114,0.3561839623901174,0
298,0.05510924383007165,0.35801371584192365,0
299,0.09772561603681762,0.35801371584192365,0
300,0.3473799531621724,0.3581358410185169,0
301,0.12189787902698923,0.35828031334799837,0
302,0.12989658331780596,0.35857299532072673,0
303,0.26604380101738,0.359571143518404,0
304,0.0016157607231714888,0.3610268270167758,0
305,0.3070235222689657,0.36193231280027716,0
306,0.04405494898836204,0.3629720898291593,0
307,0.1497156140606659,0.3630039484391604,0
308,0.01851596707775549,0.3634841829201648,0
309,0.32510679266644693,0.3640781142961461,0
310,0.08992010715849175,0.36410649798475625,0
311,0.013167051165686061,0.36436039528924324,0
312,0.21906791438292184,0.3647742315706809,1
313,0.30992867991100903,0.3658220654942561,0
314,0.000936604359169757,0.36590530807763133,0
315,0.29329629153204695,0.3662662601822493,0
316,0.32613488426300963,0.3664491363418476,0
317,0.008718946112704518,0.3665106186210846,0
318,0.05026355082217682,0.3668825581142552,0
319,0.33197254213090255,0.3677919801980748,0
320,0.02967551772812882,0.36865218140467637,0
321,0.0022298772183726445,0.3689103040126078,0
322,0.06821685570915381,0.3689103040126078,0
323,0.2872344948152984,0.36902210453036555,0
324,0.22602933870390063,0.36902210453036555,0
325,0.11138912541759305,0.36973025362469747,0
326,0.30989800284301106,0.3707513561955542,1
327,0.05533548907438812,0.3715267362568053,0
328,0.01605258895490491,0.37202501385539655,0
329,0.24576281281261125,0.37342264658124025,0
330,0.005608723700742835,0.373429156905571,0
331,0.10769782884641999,0.374344478561597,0
332,0.1505867128253381,0.37475049389743753,0
333,0.154242452156793,0.3765253038593229,0
334,0.246762755200305,0.37691101717267605,0
335,0.009217794278902458,0.37691101717267605,0
336,0.09537062853295919,0.3774097954985133,0
337,0.010299321996530497,0.3790937967603947,0
338,0.031725487934662455,0.3800300104384382,0
339,0.32923201427724635,0.3803081874066596,0
340,0.0028321568307742018,0.38059231300335306,0
341,0.02568307900544209,0.38306916680838643,0
342,0.17637662630694095,0.384111902578702,0
343,0.0015027355248733443,0.38467498090529206,0
344,0.0008868316495342921,0.3851733039199875,0
345,0.27093121787343943,0.3858020635852447,0
346,0.1436075485003112,0.38935542572896986,0
347,0.30139094959866075,0.38964639518460387,0
348,0.01906091197497284,0.39003465316476627,0
349,0.04850841565441033,0.39140705296669165,0
350,0.15628200409670456,0.393352112505555,0
351,0.02135466074435577,0.39422154122857955,0
352,0.14564501899915538,0.39506915023481215,0
353,0.010605769398626785,0.3956087576115356,0
354,0.34999357060965774,0.3969206440533588,0
355,0.3214815677048134,0.3974653163508004,0
356,0.04257802673730782,0.39747301896992804,0
357,0.011803989414707283,0.3977586747258094,0
358,0.16970452363719246,0.39995226827019914,0
359,0.05502576920295699,0.39999127188145767,0
360,0.3527150368697717,0.399991696676796,0
361,0.09675122195481256,0.4020448733643206,0
362,0.03398528953725688,0.4022476736607117,0
363,0.06650014098122237,0.4023267185431756,0
364,0.009400866248412298,0.402600762012714,0
365,0.011888343270446411,0.4037171106681118,0
366,0.22512422140780908,0.4056872655931032,0
367,0.35324252151212276,0.4070029592421808,0
368,0.037634987742667714,0.4070029592421808,0
369,0.03650352682988456,0.40822164328452704,0
370,0.39408961995297875,0.40949801868410274,1
371,0.004658845079153484,0.40965954749742584,0
372,0.16736603231379044,0.41006141746966196,0
373,0.06317903017217108,0.41052134367762316,0
374,0.1453987727165037,0.410802843164948,0
375,0.25094672896206327,0.4115659723654016,0
376,0.03980090121364099,0.4115659723654016,0
377,0.006286941570153304,0.4116664205380579,0
378,0.016056729801574687,0.4170047366603433,0
379,0.17506485259480564,0.4182534742513663,0
380,0.05720744380904019,0.41852699639917634,0
381,0.020740344272282107,0.41852699639917634,0
382,0.3952819448336482,0.41855262736070264,1
383,0.3238401221754418,0.42042517743310837,1
384,0.1729930165376623,0.4205325843544563,0
385,0.08633935295262085,0.4226228941487903,0
386,0.22963094792869643,0.42612348408393896,0
387,0.02016306894039077,0.42922539974933005,0
388,0.01027330718190611,0.42980439295062733,0
389,0.03596493056929684,0.43091471375672696,0
390,0.0006664773059602558,0.43210410413926303,0
391,0.07991342473973084,0.4326120787430372,0
392,0.004300212587128538,0.4336693491071575,0
393,0.0006541855101205307,0.4343827852309712,0
394,0.23878161431107392,0.4343827852309712,0
395,0.15387887641103126,0.4346586266689475,0
396,0.049614800215490806,0.4349653469246322,0
397,0.19583555034051314,0.4370911847336112,0
398,0.20447761119096308,0.4400138034826503,0
399,0.09714892434437539,0.4427553865676579,0
400,0.09866402556394549,0.4444486103895242,0
401,0.31457241129005564,0.4446993613022019,0
402,0.004897668688409684,0.44600742057125986,0
403,0.04666420981453945,0.4469703703118303,0
404,0.021001439534016342,0.44892021597050813,0
405,0.041889838886155384,0.4523512838202013,0
406,0.13934951491875236,0.456053861179774,0
407,0.14128247037730446,0.4586836559290449,1
408,0.4036800871946089,0.45954725919600037,1
409,0.24969033731810097,0.4609460964091825,1
410,0.36965884023932216,0.4675041629613481,1
411,0.44879782228346043,0.46925583910047974,1
412,0.456895267586958,0.476112192653831,1
413,0.09919722573829626,0.47766009440790325,0
414,0.37055314787527116,0.4779906030061508,1
415,0.41494255715845385,0.4786316410973448,1
416,0.20589589851800538,0.47876555956978417,0
417,0.42321913121906474,0.47876555956978417,0
418,0.39272632337958824,0.47950970108103097,1
419,0.4369412789496072,0.4795928151422404,1
420,0.09642139539768668,0.48049934551850637,0
421,0.3135803109164501,0.4831790476942236,1
422,0.0028598988881092247,0.48332565604385225,0
423,0.054544336900681833,0.4834085034914529,0
424,0.06035329197005834,0.48354286072060515,0
425,0.2382580141321351,0.4873742782062773,0
426,0.28105088610396756,0.4885172828388027,1
427,0.45012736630694494,0.49142091710258085,1
428,0.17156889058581926,0.49208604559737235,0
429,0.4764019940031239,0.49401970986876,1
430,0.417932548707876,0.49638422036680985,0
431,0.46828235363233817,0.4974723644619048,1
432,0.12173858595451958,0.498956010379785,0
433,0.4076113434553684,0.49937012688998494,1
434,0.040966099553412016,0.5004054464874956,0
435,0.40260407762753536,0.5005172492788498,1
436,0.20458099617705272,0.5026346025120806,1
437,0.026299171837404378,0.5066901730385183,0
438,0.40768664508538954,0.5080639926717975,1
439,0.3972732735115947,0.5096891258250081,1
440,0.26460632641389226,0.5097853446772305,1
441,0.4438833682664399,0.5152809168860968,1
442,0.32941126856565905,0.5184124069304785,1
443,0.3712612326444019,0.526310952019824,0
444,0.3350894685543664,0.5269441969113434,1
445,0.06470170394630026,0.531528923296367,0
446,0.28908730799232696,0.5337221656118772,1
447,0.4516645162626852,0.5376272277545204,1
448,0.030380655850003824,0.5382453456976867,0
449,0.4947488720786042,0.5409328981351297,1
450,0.484286673746676,0.5412762852923704,1
451,0.32043476030120777,0.5432111421446251,1
452,0.533253238702844,0.5434530681103137,1
453,0.4066650114879097,0.5463755330860145,1
454,0.03971658967461622,0.5472453880921726,0
455,0.4121394010253816,0.550939043043856,1
456,0.4766030699908258,0.5518753543829801,1
457,0.24708195489646434,0.5521008547157766,1
458,0.3143332262027928,0.5523619191071657,1
459,0.40891682987909694,0.5577948602081413,1
460,0.4958316023797462,0.5612609394848018,1
461,0.5522970024900155,0.5672512568433119,1
462,0.3524365700480885,0.5684594502673187,1
463,0.43777258069335934,0.5687195899396822,1
464,0.1329096332603481,0.5694465939861679,0
465,0.5147012687919224,0.5745652984786928,1
466,0.34763520911493784,0.577008384315056,0
467,0.3227432763003899,0.5776271038419397,1
468,0.44361231615440966,0.5786694722736654,1
469,0.24475810743196114,0.579762018515365,0
470,0.44870873284801793,0.5813018208667635,1
471,0.3845229341262538,0.5886979550002399,1
472,0.47458199203211315,0.5890565134505645,1
473,0.4116217453137132,0.5930784926011413,1
474,0.23331042851876838,0.5948723405114739,1
475,0.4076113434553684,0.5949962249699663,1
476,0.48494464066262455,0.5995142024030001,1
477,0.556365651621057,0.6025545216859001,1
478,0.5792708908455693,0.6074358491547657,1
479,0.5049511932856601,0.6207137784472435,1
480,0.4129141993976686,0.6243608119543052,1
481,0.5039480145237761,0.6260860765877914,1
482,0.432316705236784,0.6267748432418111,1
483,0.6167986134959974,0.6292566139913629,1
484,0.547059997236939,0.6305104014382744,1
485,0.5147012687919224,0.6310497838725149,1
486,0.5665588107720274,0.6314290748013535,1
487,0.41973594730762565,0.6361931403531437,1
488,0.49638422036680985,0.6383149032989924,1
489,0.35711736075754785,0.6385115574762222,1
490,0.41024979501204084,0.6402469876071816,1
491,0.44582054674364024,0.6407950173737895,1
492,0.5678520349722521,0.6410495792519236,1
493,0.30141811175682853,0.6414118106213167,0
494,0.48635531418040234,0.6429148169820165,1
495,0.6429939154819695,0.6439914138484223,1
496,0.47795277522126034,0.6452414522816038,1
497,0.46671675688313274,0.6464831846703343,1
498,0.6054208214780933,0.6491646799691645,1
499,0.6301351954926998,0.6494330697488194,1
500,0.41091542319057095,0.6510887085693126,1
501,0.5497286035844396,0.6524123513030541,1
502,0.6248940156844454,0.6556408815681266,1
503,0.3386585174740827,0.6557334561841659,1
504,0.638624305328108,0.6565489021529806,1
505,0.619859848388039,0.6574774194144873,1
506,0.34440236949916403,0.6586320750885665,1
507,0.5859213713055312,0.6601037897491554,1
508,0.38662179398173313,0.6601681415451346,1
509,0.4740411709050565,0.6611688000678941,1
510,0.6138718554131172,0.6624869740440149,1
511,0.5488852988607079,0.6626702574813923,1
512,0.6052171851648354,0.6627415194399537,1
513,0.6288425467068298,0.6630501187232914,1
514,0.5045224904296849,0.6633426032602086,1
515,0.6545737589017842,0.6647798495242684,1
516,0.6247526336993636,0.6680631732358006,1
517,0.33024504326015713,0.6683359975513877,1
518,0.5619367114440786,0.6686246786793117,1
519,0.5966380201718374,0.6703836367327871,1
520,0.5522871782603191,0.6711740103157281,1
521,0.523783455522728,0.6729834655071099,1
522,0.60155229709141,0.673542793287926,1
523,0.4315811557106092,0.6744850891613092,1
524,0.4930323635925862,0.6745476240445225,1
525,0.3634841829201648,0.6750843862945245,1
526,0.612381549967162,0.6758263977289753,1
527,0.6042891322524347,0.6786741002456256,1
528,0.6247526336993636,0.682731121670293,1
529,0.2207564916781648,0.6854960662268047,1
530,0.655414143867832,0.686147508335473,1
531,0.5522871782603191,0.6862362902434389,1
532,0.3297615147789731,0.686476009625323,1
533,0.5758558998458414,0.6870416983403702,1
534,0.6601174141613686,0.6876780454036607,1
535,0.6517533793635537,0.6884828698531902,1
536,0.6167986134959974,0.6910664169941301,1
537,0.6288047674938518,0.6941992883801498,1
538,0.6730172826502616,0.6964262005977581,1
539,0.4950685968549625,0.6988242447199073,1
540,0.6115554088100414,0.6993085822915815,1
541,0.37709844547718363,0.6996701087307783,1
542,0.6257218381656389,0.7000228563307938,1
543,0.22653749005163848,0.7003289024148162,1
544,0.49632084622864425,0.7004478530963903,1
545,0.6781000314347186,0.7005590461895893,1
546,0.4502193079804232,0.7012678170649134,1
547,0.5198471771478413,0.7012916440702047,1
548,0.37055314787527116,0.7016685590136774,1
549,0.45761163039845476,0.701768374554718,1
550,0.6101035669400747,0.7017812554793836,1
551,0.5778677407200292,0.7021170043532685,1
552,0.6569698759029905,0.7035807175940632,1
553,0.5160068411752035,0.7039538245823684,1
554,0.6151753325240076,0.7050726040164718,1
555,0.6781000314347186,0.7054486291467746,1
556,0.4438686657112819,0.7057571793408632,1
557,0.5612514436532026,0.7060050870831117,1
558,0.5965936434370949,0.706352583386712,1
559,0.2888621452454171,0.7067428709903868,1
560,0.529039532730346,0.7067917004798094,1
561,0.6464873848539741,0.7094834296601127,1
562,0.683972672096617,0.7103152362384781,1
563,0.7039191233951816,0.7109093541821332,1
564,0.4636372363459922,0.7112598162156556,1
565,0.680442978710516,0.7124171307695657,1
566,0.44582054674364024,0.7125484550490371,1
567,0.5487770440788704,0.7169019412339087,1
568,0.5497286035844396,0.7190996086342275,1
569,0.6414118106213167,0.7202636179476763,1
570,0.4801403231574135,0.7214923898199007,1
571,0.29985814767720664,0.7219537378885151,1
572,0.4792014066037664,0.7230963505024035,1
573,0.23810844168882583,0.7232309890336461,1
574,0.6585712919556291,0.7233067558228528,1
575,0.7024534744969019,0.7240084131757976,1
576,0.4947488720786042,0.7247705391193336,1
577,0.5717574135716738,0.725520341893598,1
578,0.7172513725199643,0.7258355912728461,1
579,0.27540339852109275,0.7268311456538892,1
580,0.5917868761167756,0.727445145813631,1
581,0.7265805941098911,0.7281820157445872,1
582,0.640799900096703,0.7282759022480894,1
583,0.6350295342663389,0.7291029263476106,1
584,0.6418544787823744,0.7301258368203901,1
585,0.5029694992404312,0.7301342783365345,1
586,0.687707129940113,0.730296776493926,1
587,0.640799900096703,0.7303372723734008,1
588,0.3343009814916561,0.7323271978160022,1
589,0.4967730010354836,0.7343130542270789,1
590,0.7291643175174274,0.7351337252998079,1
591,0.4054830516625566,0.7358694385726346,1
592,0.4341832259851356,0.7363392259188904,1
593,0.5993452700808236,0.7365960420840267,1
594,0.41560023189781903,0.7394377434385979,1
595,0.6072703829868633,0.7423358680838861,1
596,0.6933844422133446,0.7425917841639486,1
597,0.5015022608443421,0.7431100291128782,1
598,0.6955296661580448,0.7439617529952722,1
599,0.5538716011932395,0.745399164343479,1
600,0.7010832472782802,0.7456449734006059,1
601,0.5036507028073488,0.7458909317678284,1
602,0.5322130854639542,0.747042660501485,1
603,0.5985580970932692,0.7485214407518526,1
604,0.7096148393685746,0.7505998285403143,1
605,0.34893464404765206,0.7527173162737738,1
606,0.5472527817613937,0.7539689037120283,1
607,0.6784562353254402,0.7540365304697367,1
608,0.327388512160118,0.7554319715259185,1
609,0.416493628487853,0.7557256208435651,1
610,0.5113538659916461,0.7563334059246025,1
611,0.7106068356712703,0.7564962851523799,1
612,0.38990563261808,0.7584488443342187,1
613,0.5900252779605694,0.7584686033964383,1
614,0.3735155616236844,0.7585597489524217,1
615,0.6787268322476365,0.7589330916780003,1
616,0.5747068995215341,0.7597665968798103,1
617,0.5049511932856601,0.7616468931460495,1
618,0.7488963878653636,0.763717846078883,1
619,0.7057504985142014,0.7641594813172965,1
620,0.527137047868501,0.7641652813173806,1
621,0.6562208855653731,0.764262204642269,1
622,0.6474929817498298,0.7646370316046155,1
623,0.5451431676724101,0.7662853511040948,1
624,0.7603978744474726,0.7675836082263773,1
625,0.5932391068830246,0.7691667424554828,1
626,0.6796261845072374,0.7696953778427343,1
627,0.450927021240508,0.7703246425431318,1
628,0.7686796540710544,0.7710380176012006,1
629,0.5387538864579314,0.771239837176598,1
630,0.7277319675862562,0.7716441688799692,1
631,0.5956052112834042,0.7755006915884687,1
632,0.5257210802677568,0.777489629856626,1
633,0.46836147838103426,0.7804897896854233,1
634,0.5746245094759161,0.7809560279449952,1
635,0.4874372782918167,0.7824280334296535,1
636,0.6512451550356984,0.7825438407806857,1
637,0.6543261409964081,0.7845682691151526,1
638,0.6373134780424159,0.7851709485980582,1
639,0.7061527149879586,0.7861984992501578,1
640,0.5645466252437717,0.7887595375189578,1
641,0.6807658096986556,0.7887923198287612,1
642,0.5301659998000966,0.7900028571008891,1
643,0.6288047674938518,0.7902317322384531,1
644,0.41052134367762316,0.790787703718517,1
645,0.588288261583043,0.7908216227746532,1
646,0.6450758853580262,0.7911971902553113,1
647,0.45012736630694494,0.7916434094657402,1
648,0.6200382497515643,0.7918106886583441,1
649,0.48652807277655996,0.7929145718741377,1
650,0.7705430404812189,0.7931925960305481,1
651,0.4170047366603433,0.7937047733524548,1
652,0.6209493311699122,0.794384149900762,1
653,0.386860607054609,0.794897765457367,1
654,0.4817173952770165,0.7949425704607017,1
655,0.7513582350894696,0.7950056137130198,1
656,0.5575286571857104,0.7957324457254183,1
657,0.5512775496654139,0.7961512530441638,1
658,0.6854519923942493,0.796920727293292,1
659,0.4276970479815624,0.8007866438181133,1
660,0.32941126856565905,0.8009213389629583,1
661,0.511593544306202,0.8020285076409488,1
662,0.7174692746784573,0.8020442030963253,1
663,0.6585712919556291,0.8025739777691493,1
664,0.682057763058525,0.8030052361132012,1
665,0.5451431676724101,0.8030310706170185,1
666,0.6828339264959297,0.8032802305759806,1
667,0.6958173544304824,0.8035681628356643,1
668,0.6502280527234139,0.8038656665932457,1
669,0.7103091385221855,0.8040223186816731,1
670,0.7436631991827085,0.804403477208254,1
671,0.7616349745093983,0.804674108419838,1
672,0.7815070431463816,0.8053246841958017,1
673,0.6272008173389879,0.8058852632400352,1
674,0.3689198456028766,0.8059080378375965,1
675,0.4251242401942663,0.8060611341751136,1
676,0.30820980670904286,0.8062157515095669,1
677,0.47410860909205954,0.8063912559343368,1
678,0.5045224904296849,0.8072741424906079,1
679,0.6617085804091366,0.8073396825056447,1
680,0.2789845449285986,0.8079002299683282,1
681,0.6698675306261331,0.8079533245952677,1
682,0.4779552368039207,0.8079625561989032,1
683,0.43981667908836986,0.8085737716838245,1
684,0.5473729437586174,0.8090362944430851,1
685,0.6911436638680098,0.8094758637386283,1
686,0.5476078532193676,0.8098650019405955,1
687,0.7919320298403782,0.809867311397584,1
688,0.4792014066037664,0.8099647161670674,1
689,0.6789763861595461,0.8103769454636672,1
690,0.6528795903919021,0.8117100112716217,1
691,0.14659612646280806,0.8117354493764827,1
692,0.6607102846003818,0.8134128834235299,1
693,0.34414254264873856,0.8144573647544112,1
694,0.7478666349106732,0.814800093520875,1
695,0.5746376593750393,0.815136679203907,1
696,0.6730172826502616,0.815256861689806,1
697,0.6200382497515643,0.8155479491853143,1
698,0.6754686864258931,0.8158775691039358,1
699,0.4095679570345472,0.816319406568191,1
700,0.5272837721510486,0.8166102737932163,1
701,0.7236182432861882,0.817241411029446,1
702,0.604666437303814,0.8175056494997449,1
703,0.7035053793435116,0.818226557124099,1
704,0.785194036368411,0.8212789299175357,1
705,0.40891682987909694,0.8224772277712773,1
706,0.6140887033901596,0.8227544932231268,1
707,0.5758091466072681,0.8244664439796515,1
708,0.627135641414124,0.8250776755221406,1
709,0.585391125482049,0.8252477873306218,1
710,0.7103091385221855,0.8266539036516498,1
711,0.7328022957391623,0.8283597863073782,1
712,0.5472739329471437,0.8295160967214121,1
713,0.6659495950259411,0.8300402054295916,1
714,0.4574492146700284,0.8302023406743521,1
715,0.5505192966315224,0.8313864106293708,1
716,0.621388375467775,0.8315457569486746,1
717,0.6784562353254402,0.8345970962093688,1
718,0.6414118106213167,0.8350387828056114,1
719,0.7838886563870814,0.8351088043714484,1
720,0.6430023501734449,0.8357621007827396,1
721,0.4482624261234933,0.8363026174639453,1
722,0.7919320298403782,0.8367522453270583,1
723,0.7872424752020846,0.8378105560884747,1
724,0.5918779766135354,0.8378247325026029,1
725,0.619859848388039,0.8378643909369305,1
726,0.6792590490559043,0.8381013524425288,1
727,0.5165952303690868,0.8384490679950053,1
728,0.4789391324967206,0.8402812050750829,1
729,0.7508016109169419,0.8404463361169472,1
730,0.34482953527068094,0.8407734573908993,1
731,0.7448276928795293,0.8416071380648694,1
732,0.6643516578230818,0.8424900376145232,1
733,0.36069231835219784,0.8425687571013907,1
734,0.8415473980921331,0.8429655641865521,1
735,0.7613906002079793,0.8431029782684093,1
736,0.46328588671524673,0.8435919839529957,1
737,0.7230166881364504,0.8443380633741535,1
738,0.6430680776813782,0.8454108036392561,1
739,0.6430023501734449,0.8458168588426259,1
740,0.6943765219824906,0.8459086355868821,1
741,0.5658582716399531,0.8459259834236289,1
742,0.7525126729027036,0.8465473568883711,1
743,0.6760552047053223,0.8467820573030206,1
744,0.5459031371085294,0.8469185661775781,1
745,0.55127646946013,0.8471355960446728,1
746,0.8395034277043901,0.8483006129097849,1
747,0.39272632337958824,0.8483450888587493,1
748,0.5838586434911991,0.8490265758245059,1
749,0.7296513931547286,0.8491500141156566,1
750,0.5859821726516871,0.84925647950711,1
751,0.5998676189373976,0.8497418835607252,1
752,0.6140887033901596,0.8498167331942086,1
753,0.5998676189373976,0.8503775513979128,1
754,0.7689009143167496,0.8507455644585816,1
755,0.6253655237076075,0.8511056193843948,1
756,0.7038892446977795,0.8522141632737719,1
757,0.7441305134023044,0.8526454196721135,1
758,0.28105088610396756,0.8526561267760571,1
759,0.7033830688807413,0.8531382904529252,1
760,0.6340336406893237,0.8543519544439996,1
761,0.7238013121502591,0.8545791776092687,1
762,0.5257305723051933,0.8547341540324125,1
763,0.6852461498634488,0.8549283219919861,1
764,0.3800300104384382,0.8553823003927754,1
765,0.6564949263981754,0.8561297802446913,1
766,0.43121805563436255,0.8561317775059739,1
767,0.7187270260831143,0.85646914354477,1
768,0.8468578009525255,0.857404041167515,1
769,0.5257210802677568,0.8575205236987165,1
770,0.43121805563436255,0.8578692434844928,1
771,0.4678084273743627,0.8585444360379816,1
772,0.6997479792030055,0.8590381843842603,1
773,0.5495830165738899,0.8590397682041401,1
774,0.4033880267185721,0.8593209109730754,1
775,0.3097997236718172,0.8600860009450896,1
776,0.629700789825949,0.8604053925602686,1
777,0.5015022608443421,0.8608973412206066,1
778,0.7350450089864463,0.8612315686739151,1
779,0.5197754463916515,0.8620805951301008,1
780,0.4036800871946089,0.8622063157451592,1
781,0.8231460322132689,0.8622672659500914,1
782,0.37709844547718363,0.8624557669432648,1
783,0.638624305328108,0.86284108416644,1
784,0.48916771124145786,0.863607018290687,1
785,0.5619367114440786,0.8644752227457719,1
786,0.4054830516625566,0.8646438234958808,1
787,0.5138343321618959,0.8655967287095694,1
788,0.593589552620739,0.8671328488203105,1
789,0.6151753325240076,0.8671830257807914,1
790,0.6361012463020037,0.867877574026276,1
791,0.28105088610396756,0.8699193355972568,1
792,0.777271247805142,0.8702424832678654,1
793,0.8615382376227634,0.8703076236173437,1
794,0.7472694235030914,0.8704497009771308,1
795,0.6672401608491989,0.8723016416808382,1
796,0.6827549904898459,0.8728265031472723,1
797,0.7898799215715713,0.8729531880567499,1
798,0.849706596920257,0.8731395688186285,1
799,0.593108984843677,0.8731788816181115,1
800,0.7984609480097525,0.8736819718999185,1
801,0.6391713865930849,0.8746925109927774,1
802,0.3542781527030421,0.8747011985076293,1
803,0.7705430404812189,0.8748038022951501,1
804,0.3108833607998346,0.8766099659338673,1
805,0.671125768306358,0.8770730238672582,1
806,0.6230830209002134,0.8774599454426518,1
807,0.32452505354264805,0.877632151246345,1
808,0.8596790565290874,0.8783274392447616,1
809,0.7488379693037339,0.8787539299684878,1
810,0.43828387499196564,0.879156260611123,1
811,0.4830791355449866,0.8797163395994999,1
812,0.7902225708183653,0.8799516483019939,1
813,0.4803821848175043,0.8808027445500342,1
814,0.7230166881364504,0.8808737094046286,1
815,0.5518661043190931,0.8810623383574354,1
816,0.8459126254836262,0.8831472793795889,1
817,0.6063560067710142,0.8831496550892157,1
818,0.531977445920786,0.8841591078331217,1
819,0.7474455413186923,0.8844769170917898,1
820,0.47700877836117817,0.8846411259975157,1
821,0.48541406070065385,0.8849262222053437,1
822,0.6687769630011016,0.8850874869736012,1
823,0.7436631991827085,0.8854283698567263,1
824,0.6916219354223477,0.8854540855118642,1
825,0.610557031879511,0.8856348598992747,1
826,0.4459860340617017,0.8857155462543475,1
827,0.39422154122857955,0.8858274872906654,1
828,0.5137701213192198,0.8866652428034664,1
829,0.8144493639453526,0.886782301892711,1
830,0.7725211389235117,0.8867968303487597,1
831,0.7579890031817609,0.8872168374463478,1
832,0.6643516578230818,0.8882871203856453,1
833,0.42687098502965903,0.8891825862327724,1
834,0.5017038680701897,0.8903798104787994,1
835,0.5717574135716738,0.890598883034929,1
836,0.4618629868373345,0.8927563213320014,1
837,0.7017806198382764,0.8928663879692301,1
838,0.8489650728010675,0.8931894073935639,1
839,0.5189580676420994,0.8934943207825573,1
840,0.47257180011675326,0.894409143265335,1
841,0.7061527149879586,0.8944134809901122,1
842,0.684328601403952,0.895526647862642,1
843,0.7265746458828328,0.8955788782568558,1
844,0.526310952019824,0.8956054076700593,1
845,0.5775531551918711,0.8957446807485754,1
846,0.5014765672972933,0.8958847197259187,1
847,0.777271247805142,0.8961890878131453,1
848,0.7759188941813305,0.8967029891951546,1
849,0.49277911347587744,0.8967207220894168,1
850,0.8646078153752808,0.8969719450292204,1
851,0.4296978332758159,0.8973567597275964,1
852,0.4805459089859987,0.8980455411635007,1
853,0.8468229650744973,0.899997140864615,1
854,0.8116395119955102,0.9013684355322097,1
855,0.6329890553619538,0.9017546961311467,1
856,0.7416069783053912,0.9028700512050348,1
857,0.4809151184961251,0.9035722995041886,1
858,0.7581709529857044,0.9038764571978041,1
859,0.8110690815249703,0.9038846402447532,1
860,0.6076735286129664,0.9040397514949484,1
861,0.8972594543589797,0.9040522142121767,1
862,0.6792590490559043,0.9043825227415728,1
863,0.6640620340046864,0.9043985347603689,1
864,0.5972674795192712,0.9047767069107331,1
865,0.6779553665449081,0.9054498882555598,1
866,0.44622078754744543,0.9064803725158875,1
867,0.6359887984031577,0.9069885562035607,1
868,0.5110075484476146,0.9072860644404016,1
869,0.6941016016442472,0.9073653093268512,1
870,0.7155968655025676,0.9075487200227254,1
871,0.8231460322132689,0.9075723760078318,1
872,0.7478666349106732,0.9076737699385966,1
873,0.4673427068202718,0.9077148661384513,1
874,0.6695813600375545,0.9080397032413579,1
875,0.6124264436456912,0.9084038697648985,1
876,0.8607970555094439,0.9085014137827203,1
877,0.7995300837878045,0.9094527407869161,1
878,0.8000121552796435,0.9100100753384395,1
879,0.6133392729096612,0.9104535308159983,1
880,0.6502280527234139,0.9107862620649521,1
881,0.5144108228605336,0.9116007291676209,1
882,0.6848206497055901,0.9119872291552426,1
883,0.796651013945508,0.9119873510553343,1
884,0.5078850921947868,0.9123622710278801,1
885,0.6031283938094402,0.9126787448700447,1
886,0.6354808850599558,0.9133971187336198,1
887,0.42687098502965903,0.9137192946798255,1
888,0.594166379227253,0.9142318903201022,1
889,0.46328588671524673,0.9148088130876558,1
890,0.5862799507047474,0.9153753981102473,1
891,0.8481227877315579,0.9154226506830132,1
892,0.5107346414327643,0.9157924823519682,1
893,0.6626851923614541,0.9161045050887876,1
894,0.5713699396011886,0.9168512983398645,1
895,0.5512775496654139,0.9169476181596936,1
896,0.4277708009812984,0.9178075324508838,1
897,0.483628384361546,0.9179335404496699,1
898,0.5519319150718838,0.9180591397727323,1
899,0.7725211389235117,0.918233552272938,1
900,0.48921527604934534,0.9187085478717063,1
901,0.9167680887832331,0.9193447116236967,1
902,0.82766252652761,0.9193455103846639,1
903,0.6607102846003818,0.9193782265363889,1
904,0.5003499588287358,0.9201282641690581,1
905,0.7027617167166852,0.9210467887501375,1
906,0.6579864739672485,0.9214918258220689,1
907,0.6372361078675672,0.9215336591806341,1
908,0.5367339149805235,0.9216582359537702,1
909,0.6553806721638803,0.9217372081843028,1
910,0.6417265535571532,0.9223808184493533,1
911,0.7593523498159124,0.9230170891239308,1
912,0.9173051592739419,0.9232050466826823,1
913,0.5965936434370949,0.9233002916336628,1
914,0.645703055367069,0.9238510011604469,1
915,0.524791175175921,0.9239050760786942,1
916,0.6562347047594628,0.9244998103716835,1
917,0.6653474739228669,0.9245667915365606,1
918,0.7177083999164556,0.9250375659907952,1
919,0.8417266480140794,0.9259241410474716,1
920,0.3496749519729694,0.9263240968037224,1
921,0.7947564324658084,0.9270843803366603,1
922,0.7069695291062291,0.9272627979458548,1
923,0.5558988152618072,0.9283678161997565,1
924,0.4916724973952157,0.9284751553357418,1
925,0.906531054514514,0.928784519799034,1
926,0.649278396880143,0.92977946137093,1
927,0.8419933229713138,0.9301233762325057,1
928,0.4625459119470512,0.9303425733900613,1
929,0.5587542487169912,0.9303849886151531,1
930,0.4033880267185721,0.9305570785447984,1
931,0.5918563583364281,0.9308188012751286,1
932,0.891782433907011,0.9310846790646908,1
933,0.36685315162249144,0.9311764704990904,1
934,0.920914795834093,0.9313141435535868,1
935,0.22925183230885893,0.9323219607334939,1
936,0.6358734424699459,0.9325613723534065,1
937,0.6265496734780802,0.9329693009171138,1
938,0.6137051706001717,0.9331778031659805,1
939,0.7721656488690241,0.9334033461169524,1
940,0.7898799215715713,0.9338612577117836,1
941,0.5268301016143163,0.934095902063465,1
942,0.6796154080672046,0.9342143019730306,1
943,0.5846005262787384,0.9347055128104703,1
944,0.593589552620739,0.9351605794025698,1
945,0.5672004096363106,0.9355213082633249,1
946,0.5235236316329909,0.9357618721387974,1
947,0.5211139909133584,0.9361952772053357,1
948,0.6115554088100414,0.9364363706024829,1
949,0.6842458027824962,0.9368442178201726,1
950,0.40012838854613,0.9368735546177704,1
951,0.7043019557293282,0.9379275954860087,1
952,0.2709222179007579,0.9379609344789291,1
953,0.6105962746946395,0.9380360331462108,1
954,0.8410476751821154,0.9385319123118586,1
955,0.9204831652114231,0.9391285618916592,1
956,0.5482336738204272,0.9394076663246816,1
957,0.6945047204251175,0.9398684213148816,1
958,0.4653653437979076,0.940840604421054,1
959,0.6788728647651845,0.9409334148279587,1
960,0.6760552047053223,0.9411048164096746,1
961,0.7466439438262616,0.941436497057545,1
962,0.6112949244986048,0.9416122598955144,1
963,0.5826611394129141,0.9417940729368824,1
964,0.7316575804442914,0.9426265390247621,1
965,0.5039480145237761,0.9427111579133264,1
966,0.48797849209891164,0.9430389473855256,1
967,0.5151707487704167,0.9439037705759029,1
968,0.6456700979054193,0.9448853152501108,1
969,0.5692157642630075,0.945017860575613,1
970,0.42838042167503754,0.9451536966691132,1
971,0.5396419233481604,0.9451708428031858,1
972,0.720786508009728,0.9457650777470767,1
973,0.4902802513994111,0.9459825831072746,1
974,0.5494392259260351,0.9468323210931578,1
975,0.4738575940826997,0.9471839764636111,1
976,0.6873044874959078,0.9472313544073335,1
977,0.6357889777934335,0.9474993526615996,1
978,0.6299056046730185,0.9477605627061987,1
979,0.46828235363233817,0.9483833957712031,1
980,0.47606793737639375,0.9485201466515778,1
981,0.6172128173462602,0.9492733011526637,1
982,0.524778230294472,0.9495083413400692,1
983,0.8489650728010675,0.9496637319456671,1
984,0.4929253502683779,0.9496719981393016,1
985,0.5465935966998923,0.9507195567375167,1
986,0.584804246539371,0.9507653547020495,1
987,0.9241153936407607,0.9509043987459402,1
988,0.5870897746157696,0.9511542763300679,1
989,0.4162055626168366,0.9512142491821118,1
990,0.4625459119470512,0.9512618123697947,1
991,0.4789391324967206,0.9513130226424658,1
992,0.6051309130059069,0.9515477044856488,1
993,0.7984609480097525,0.9520136907414857,1
994,0.3045034799281592,0.952187172931615,1
995,0.641155649713097,0.9523190810932549,1
996,0.7437494955209565,0.9526758316089289,1
997,0.5875824510172954,0.9528149326545362,1
998,0.5890269826024964,0.953033199912649,1
999,0.46187920563780105,0.9540214340461343,1
1000,0.6262918376659842,0.9541307582499333,1
1001,0.6564949263981754,0.9542638360280944,1
1002,0.6358734424699459,0.9543045475336805,1
1003,0.568135131424217,0.9544467933893672,1
1004,0.6448296986658207,0.9554561741800877,1
1005,0.7176183770328196,0.9558981153663213,1
1006,0.582678985308345,0.9564346923052559,1
1007,0.7660529142511888,0.9565488819505711,1
1008,0.41024979501204084,0.9568555436872324,1
1009,0.776215272409272,0.9570106100714815,1
1010,0.6412014458906842,0.9575227837762834,1
1011,0.7697948893656985,0.9577536351095273,1
1012,0.3908078297002344,0.9578956503666007,1
1013,0.8459126254836262,0.9583662172263819,1
1014,0.6579864739672485,0.9591311810100562,1
1015,0.5178943296895917,0.9594016523719547,1
1016,0.8874843026198515,0.9605419118749874,1
1017,0.5865756104081171,0.9606283301258494,1
1018,0.5160068411752035,0.9607489181118879,1
1019,0.6624404335603435,0.9608624775583839,1
1020,0.4438612137605169,0.960880225414063,1
1021,0.9383712017069955,0.9609558923549256,1
1022,0.677670793710835,0.9612808192712863,1
1023,0.45888028215097487,0.9614838888832133,1
1024,0.6228147803507545,0.9617144211246249,1
1025,0.49395215451244545,0.9621041384156802,1
1026,0.5812000565496157,0.9622196938794886,1
1027,0.6310869072166093,0.962451179958658,1
1028,0.710414666682644,0.9624549519755634,1
1029,0.487808632586775,0.9626531291855881,1
1030,0.5901840945286302,0.962720745609212,1
1031,0.5880198015362016,0.9628193641979789,1
1032,0.593589552620739,0.962844067830164,1
1033,0.5165952303690868,0.9636071503232679,1
1034,0.6148838746335412,0.9638356324203512,1
1035,0.7238545966325842,0.9638822134183507,1
1036,0.43508683387003744,0.9641105114519819,1
1037,0.731479290369065,0.9645604694133489,1
1038,0.45771512408651427,0.9647590276862856,1
1039,0.4196297959416241,0.9649666598257353,1
1040,0.4000017928732864,0.9655998923187886,1
1041,0.5587901600828691,0.9660718923017593,1
1042,0.4963853200481183,0.9660919140823115,1
1043,0.650851330166074,0.966177839838712,1
1044,0.5694465939861679,0.9663611273925522,1
1045,0.4738575940826997,0.9666881346787173,1
1046,0.5967813582395047,0.9670516020046044,1
1047,0.5151226662319693,0.9671577770291089,1
1048,0.39830060864489314,0.9674410733389089,1
1049,0.4891881448976031,0.9676450422921226,1
1050,0.5578902895416742,0.9676492330025144,1
1051,0.3746831879945115,0.9685832268001491,1
1052,0.42719025544692524,0.9693205825953366,1
1053,0.47676834745151386,0.9694465686624869,1
1054,0.4846604390308802,0.9699888703732609,1
1055,0.6596633662892223,0.9705638048133409,1
1056,0.8468578009525255,0.9708121527414041,1
1057,0.41754007445827457,0.9709476675132794,1
1058,0.28908730799232696,0.9711526433168554,1
1059,0.6320147176072527,0.9711927197790238,1
1060,0.6124264436456912,0.9713233777343174,1
1061,0.4678084273743627,0.9713528999406985,1
1062,0.8370485232530849,0.9718218729309458,1
1063,0.7032094902633959,0.9719864934675029,1
1064,0.38882449102785044,0.9719867237990047,1
1065,0.5126489825889989,0.9721466534705567,1
1066,0.5268301016143163,0.9723131227744318,1
1067,0.7805819958887981,0.9724960248210183,1
1068,0.6437443652178119,0.9728005732691503,1
1069,0.48988310843136307,0.9732202232863363,1
1070,0.39813985590640966,0.973578108209152,1
1071,0.5309183788869485,0.9740226097476835,1
1072,0.4461303406899183,0.9740297552775571,1
1073,0.6029051513290067,0.9743133778200044,1
1074,0.640824985901691,0.974348832047367,1
1075,0.4530487870560923,0.9744728885743394,1
1076,0.5476078532193676,0.9747061888964408,1
1077,0.8756902754709506,0.9747406740551566,1
1078,0.8995526950111382,0.974771163805449,1
1079,0.757374111671119,0.9748317014431512,1
1080,0.6920442723989788,0.9756066342294382,1
1081,0.3542781527030421,0.9756367325732067,1
1082,0.5666902466577367,0.9761029100758183,1
1083,0.5716643662139886,0.9762090591010293,1
1084,0.3074910953377731,0.9767563835932777,1
1085,0.6382195914615724,0.9769249213669705,1
1086,0.5353942338654925,0.9778990465233367,1
1087,0.4965025661404112,0.9779311052408037,1
1088,0.5841901097394171,0.9779342480757562,1
1089,0.49632084622864425,0.9780303409314102,1
1090,0.47838460239707326,0.9784127579015341,1
1091,0.42395679005796194,0.9792201812295608,1
1092,0.5136171655171263,0.9793372971025383,1
1093,0.4266011811640855,0.9793586660910897,1
1094,0.42719025544692524,0.9795448684525488,1
1095,0.6450233094669285,0.9799550644599235,1
1096,0.6512451550356984,0.9803399179545094,1
1097,0.5419010884640432,0.9806533123290201,1
1098,0.6328514871317639,0.9807457822884996,1
1099,0.8626206176096316,0.9815639797187894,1
1100,0.7017806198382764,0.981705728643897,1
1101,0.44892021597050813,0.9817907468800203,1
1102,0.6438208386382063,0.9818031672480725,1
1103,0.582678985308345,0.9825049131648467,1
1104,0.9295455498657947,0.9826808503830927,1
1105,0.6138718554131172,0.9838973386899977,1
1106,0.535922837334158,0.9839960011513621,1
1107,0.801438553178572,0.9840091088345215,1
1108,0.2892608818447294,0.9846538932093821,1
1109,0.44436162578546223,0.9847968130255639,1
1110,0.5993452700808236,0.984810756032177,1
1111,0.37147450463317877,0.9848951855931314,1
1112,0.6904731774846157,0.9852816258080154,1
1113,0.5985616790569348,0.985437147802005,1
1114,0.566469201451378,0.9855392857483349,1
1115,0.6450938697051106,0.9856753964233019,1
1116,0.5293230272389975,0.9857250832406917,1
1117,0.4639510494243553,0.9857568514350221,1
1118,0.8977414526355597,0.9858338480402615,1
1119,0.4384481934952298,0.9862644480239425,1
1120,0.47078415901903115,0.986355618134255,1
1121,0.4843495307991035,0.9864208231541806,1
1122,0.9544073941770099,0.9871813296077253,1
1123,0.4121394010253816,0.9877240255804315,1
1124,0.565628600967686,0.9878715280320124,1
1125,0.5814881182693837,0.9880435191223141,1
1126,0.7010422388108979,0.9880890511087383,1
1127,0.5617731818930906,0.9885306496736005,1
1128,0.5241872234228759,0.9887008062216965,1
1129,0.6127056080591202,0.9887360118255979,1
1130,0.4026078163066136,0.9890562296164335,1
1131,0.5552963238641878,0.9892559357080016,1
1132,0.41091542319057095,0.9894079263964646,1
1133,0.6042265181975088,0.98967197684093,1
1134,0.7190389060861726,0.9897754561305276,1
1135,0.4785870794780186,0.9899382046929994,1
1136,0.4459860340617017,0.9903490530335265,1
1137,0.4576868525646376,0.9905908857776801,1
1138,0.946309851860079,0.9910059696632106,1
1139,0.44521588109633803,0.9912556635052013,1
1140,0.4565006704512663,0.9914624591248383,1
1141,0.5463310326592884,0.9914814457956119,1
1142,0.43828387499196564,0.9917146956977326,1
1143,0.5357403567237492,0.9919083680995184,1
1144,0.8417266480140794,0.9921501871324641,1
1145,0.3793145069579188,0.9922780273859381,1
1146,0.5203321961008002,0.9926406658758239,1
1147,0.44874985153627067,0.9932598607548915,1
1148,0.4648758780073188,0.9933145109782998,1
1149,0.47429857656643515,0.9934947496816814,1
1150,0.538958078627144,0.9935142569188651,1
1151,0.47795277522126034,0.9937241016494978,1
1152,0.4394247782434645,0.9939465664852777,1
1153,0.4488711389641533,0.9946398657913637,1
1154,0.492159062623989,0.9948044538741363,1
1155,0.4713190499474642,0.9948305668653113,1
1156,0.690229078251142,0.9949427783542565,1
1157,0.40659727637623266,0.9950607540105962,1
1158,0.5384070058079687,0.9950627407714604,1
1159,0.4471014201873338,0.9957753531991475,1
1160,0.6032861912126992,0.9957876714080317,1
1161,0.45581885930825594,0.9958777207951899,1
1162,0.4205325843544563,0.9961993517290986,1
1163,0.5241473188653902,0.9969420347600861,1
1164,0.447082532061308,0.9972639923005805,1
1165,0.3883462387686559,0.9973899699672739,1
1166,0.500711640669394,0.9979368102849137,1
1167,0.43521648696154236,0.9981580033097963,1
1168,0.3743277629678834,0.9985190486901049,1
1169,0.4022027943872122,0.9987669530948954,1
1170,0.4730193886100472,0.9990866812043139,1
1171,0.4438686657112819,0.9993314136046939,1
1172,0.465495436820759,0.9994963848104872,1
1173,0.4182534742513663,0.9998642608517384,1
1174,0.00013763258588461724,inf,0
1175,0.41993007177932085,inf,1
1176,0.4429433327899398,inf,1
