,Birth,Death,Dimension
0,0.04175849481144922,0.05080091470493209,0
1,0.022433960778921236,0.05966211114982223,0
2,0.01942176345476443,0.06451622592789985,0
3,0.03297158133812739,0.06887451648115162,0
4,0.05809970549979315,0.07506602543734409,0
5,0.06235371696632208,0.07919557712059688,0
6,0.037614600937684095,0.08661739243715272,0
7,0.03065747209347336,0.08988958192714003,0
8,0.08768618476039236,0.0921717042718051,0
9,0.06965438549453062,0.09918032832905421,0
10,0.08603999570447429,0.10938675435097411,0
11,0.08435108085088394,0.10988664526213765,0
12,0.10633528483159349,0.11147610186196766,0
13,0.04259000067264962,0.11267189220383589,0
14,0.022016321015654428,0.11618935156766119,0
15,0.08385890445212618,0.11693381862816898,0
16,0.048429646851075314,0.12009558769530693,0
17,0.09883916742104493,0.1269195543213828,0
18,0.05251146011820562,0.12977815347856891,0
19,0.12046423268760065,0.1405456211794297,0
20,0.0620435686572991,0.1437225531459576,0
21,0.08247905622668483,0.14758605239438038,0
22,0.14549168326725415,0.1491961625813234,0
23,0.0953942357782871,0.14996999604587546,0
24,0.14542790189249388,0.15464901778777063,0
25,0.124045246013464,0.1612242037382805,0
26,0.13097613106627515,0.16716884000059162,0
27,0.02393507667425321,0.16716884000059162,0
28,0.056046827753586936,0.17026827472077444,0
29,0.11821913843568721,0.17026827472077444,0
30,0.0860247146391333,0.17056576042627714,0
31,0.14801009097903195,0.17283832391313025,0
32,0.0899873455858059,0.17868163417774674,0
33,0.15868216314446082,0.18197290944476419,0
34,0.04418784568337464,0.182818828622743,0
35,0.17223679315080687,0.1837539307823023,0
36,0.07943083408216389,0.18910894775883247,0
37,0.18159234836513727,0.18965641036106173,0
38,0.15301408810757122,0.1942090326287761,0
39,0.04486933032014162,0.19547479210259233,0
40,0.14565007722683465,0.19756606526558795,0
41,0.007252414383356887,0.1986205777043446,0
42,0.02076957720699535,0.19868657877925655,0
43,0.07997192472407033,0.19877032267354566,0
44,0.17593422130263137,0.20001780617867082,0
45,0.1263420594346073,0.20150335589708146,0
46,0.16226908825039998,0.2048753271384306,0
47,0.018191353499400154,0.20814230364550523,0
48,0.1621894763527718,0.2099468059650461,0
49,0.08225857582175922,0.21155163254656417,0
50,0.1469564341573032,0.2116364815671783,0
51,0.09409881112151464,0.21474915344846557,0
52,0.14004904188973777,0.21591440170879295,0
53,0.0335698128235975,0.21760805612982925,0
54,0.18101317980324294,0.21845021986408053,0
55,0.15345712296895986,0.22197930655453935,0
56,0.09056453461092562,0.22285512601275648,0
57,0.023286103275945158,0.22285512601275648,0
58,0.06409974875712021,0.22399996160963487,0
59,0.20881303818574504,0.22682402663587442,0
60,0.04168318648565028,0.22974735229200505,0
61,0.08714957763971942,0.23109904404018633,0
62,0.04100304923137865,0.23186131398100884,0
63,0.16334457563260163,0.2350428089739055,0
64,0.13307294691439198,0.24077982292284983,0
65,0.030142705200155273,0.24077982292284983,0
66,0.060458940469119926,0.24105126558666012,0
67,0.0986545039206127,0.24301696433462872,0
68,0.15591418797383894,0.243240050315224,0
69,0.12834411689767578,0.24452694844365908,0
70,0.17146687284397477,0.24642100689834434,0
71,0.21504295665887518,0.2472981303077466,0
72,0.017934853025873276,0.25063950394410894,0
73,0.16516141850170762,0.2510239577105663,0
74,0.1210685706620207,0.2516983310130251,0
75,0.07647495167915497,0.2554716439710577,0
76,0.18086668472433076,0.2560798655309555,0
77,0.09873132394764661,0.25671754257800594,0
78,0.23272005035032428,0.25760433880668243,0
79,0.13576756865402018,0.2576254018038614,0
80,0.11268635296289797,0.25839384031333756,0
81,0.04466506472239895,0.26221796427262456,0
82,0.16309760792947836,0.2625948321884969,0
83,0.22430246673902066,0.2653998594994931,0
84,0.18920682815202905,0.2658281155231226,0
85,0.14740794715374406,0.266491429783704,0
86,0.0709832130027157,0.2669968111205694,0
87,0.2408614705116502,0.26719245220915766,0
88,0.24566826514724782,0.2680204061676339,0
89,0.19301979088737842,0.2681091076004749,0
90,0.20296314357124146,0.26966879382170017,0
91,0.18233202468521803,0.26976711440760737,0
92,0.041862210693547786,0.2703185333260829,0
93,0.2533362930960673,0.27033808386927805,0
94,0.010768472270212937,0.27033808386927805,0
95,0.2195153105989882,0.27121200134119006,0
96,0.19435037829000246,0.271753275688703,0
97,0.26885862006345285,0.27257471783078213,0
98,0.16116533370979425,0.27433694076475523,0
99,0.071253135314305,0.27433694076475523,0
100,0.24025476345036711,0.27725001138717253,0
101,0.175798795987119,0.2792654807710788,0
102,0.06330229043622526,0.28045757301782837,0
103,0.246586969062644,0.28174346512865256,0
104,0.11475044805381995,0.28362996619651704,0
105,0.12052179187384116,0.286951029579551,0
106,0.2370758180051814,0.2873882618946073,0
107,0.050553153881744306,0.28841665092981583,0
108,0.01975076964444089,0.2908592337532774,0
109,0.16304359759507403,0.2918662860178831,0
110,0.10581623272471263,0.2925470173596141,0
111,0.2120163587108418,0.2929268846104679,0
112,0.0783047011123914,0.2935077247989031,0
113,0.24755983525212588,0.2952703087791755,0
114,0.15207032892366568,0.2955685618956887,0
115,0.2096594131004742,0.29582221826897326,0
116,0.06268383636860109,0.29666197508265757,0
117,0.0995370285525582,0.2966680472850487,0
118,0.04164563671300536,0.3011440023119991,0
119,0.08260775716125646,0.30122985728734486,0
120,0.02178232506030109,0.3015259423225013,0
121,0.1803860500839305,0.30174669434785384,0
122,0.0816367932903429,0.30174669434785384,0
123,0.05946116175872085,0.3019241137228058,0
124,0.12561588280268154,0.3027528487430591,0
125,0.10200836064029806,0.304533020359417,0
126,0.2083664098900302,0.30834242635496123,0
127,0.023582569318110647,0.3119180118490247,0
128,0.05477846810322018,0.31349864835832064,0
129,0.13915577767429466,0.3156279986074678,0
130,0.02637121740930759,0.31637779320261095,0
131,0.25341082783165825,0.3173272671357873,0
132,0.022844971699607752,0.3218330055704821,0
133,0.0033915460508230355,0.3218330055704821,0
134,0.04211624652859325,0.32194694756114994,0
135,0.06954273451710058,0.3222387228325082,0
136,0.1332654892296654,0.3226741043248602,0
137,0.026334388797825792,0.3229577955784769,0
138,0.08534807604090844,0.3243848860587011,0
139,0.07246178154605498,0.32517540126065814,0
140,0.03606797840343923,0.3259740321774284,0
141,0.18442230122829995,0.3264784534588451,0
142,0.11102363041441277,0.33122656851690147,0
143,0.024182505945320676,0.3326700278332525,0
144,0.024598789095872653,0.33299814606753264,0
145,0.15209669415650307,0.33328903260976395,0
146,0.17356518176045765,0.3340647463982125,0
147,0.04941038869149372,0.3340647463982125,0
148,0.23099016179644305,0.33415325208871793,0
149,0.14249433687761792,0.3342714145500916,0
150,0.1064071442543244,0.3377948663555851,0
151,0.03957323688837966,0.3390332198296042,0
152,0.10106078628552795,0.3411029238799511,0
153,0.03115321829026807,0.34112656745210757,0
154,0.03485406127539392,0.34149261809007003,0
155,0.08667815233307152,0.3419480490405322,0
156,0.23879404587427244,0.3422514752369328,0
157,0.10815512771284197,0.34228188446902597,0
158,0.08083108552330054,0.3425767428345923,0
159,0.3225013732059563,0.34313050636011233,0
160,0.21561007680473687,0.345426256236002,0
161,0.03056667133745905,0.3498090641489565,0
162,0.016835425444341023,0.3505313692042189,0
163,0.10396105122615096,0.35116223488828757,0
164,0.10278771780291374,0.3514244662778869,0
165,0.2458417663271396,0.35200908611553605,0
166,0.0141140000007417,0.3522261154520071,0
167,0.09910084999426538,0.3527475680415666,0
168,0.04986324349033011,0.35303070765511957,0
169,0.03340080900776887,0.3542720901786127,0
170,0.04188158166540634,0.35474406268830294,0
171,0.01408171482945153,0.35512197373706933,0
172,0.016313130810213572,0.35543300819061896,0
173,0.10867717391598597,0.3571845603490844,0
174,0.05230067826190887,0.35883476236350687,0
175,0.03225264991276211,0.35936444640936704,0
176,0.03752194597310776,0.36506393403771586,0
177,0.3069210584636477,0.36958777427278144,0
178,0.19925352998008428,0.3698187371066046,0
179,0.10929914774411775,0.3698247606299754,0
180,0.06787303009707313,0.37093268204435403,0
181,0.3065392487923462,0.37150276017192174,0
182,0.13506281607545645,0.3723089013586247,0
183,0.2624811326606108,0.37443173862374723,0
184,0.15690824562954864,0.37503591504121647,0
185,0.004412678828025651,0.3774594886766006,0
186,0.05214416216375395,0.379133303063637,0
187,0.02994317113706002,0.37966063378623716,0
188,0.012638866940763327,0.37995200255835115,0
189,0.06435341665905625,0.38034169904833015,0
190,0.025791555524241505,0.3817334378148689,0
191,0.25661905287847375,0.3832689144364402,0
192,0.13742487888028543,0.38458139707840844,0
193,0.0776636329453606,0.3851387408811877,0
194,0.2973851422630145,0.38683671109934725,0
195,0.018099701276096614,0.38733975641709006,0
196,0.055677119802065356,0.3880476673106489,0
197,0.27205723830644546,0.39238519431738117,0
198,0.010917826395363317,0.3925582941675728,0
199,0.22829629990325373,0.3929204025296107,0
200,0.025604525852222948,0.39307835588136075,0
201,0.05505660587863992,0.39372030295689786,0
202,0.03680119747478816,0.3946161385179626,0
203,0.29421347899568284,0.39506845609081354,0
204,0.0562458470058228,0.3964442094809647,0
205,0.0265900422497809,0.39749438529417713,0
206,0.19372204253097913,0.3981639026812429,0
207,0.01516705246609995,0.3997393982292041,0
208,0.012629331062371074,0.40106748473877785,0
209,0.260606838296072,0.40112041289509826,0
210,0.1839384215748069,0.40112041289509826,0
211,0.007298332960520737,0.4021193844968963,0
212,0.1130003135296177,0.40212113954407325,0
213,0.005731399015751704,0.40474328532082704,0
214,0.18129728802717227,0.40532794645928505,0
215,0.39295136242464646,0.40568372556459953,1
216,0.1657322696232535,0.4061271322766493,0
217,0.3098678840327208,0.4066367949936587,0
218,0.03666676243417766,0.4085966795901096,0
219,0.2931171283277233,0.4100169553040668,0
220,0.0027346939621567534,0.411038109761088,0
221,0.02454419639456562,0.4124655121094105,0
222,0.024053040710902196,0.4127278835592647,0
223,0.025265720188200613,0.4127278835592647,0
224,0.1402539907723338,0.41295826872913943,0
225,0.03748296324550138,0.4147572284869566,0
226,0.3861177063694877,0.41577039746116906,0
227,0.2337242804673375,0.41593335172667745,0
228,0.05979130350787809,0.4183115225315901,0
229,0.0012389904205669655,0.41908773808427824,0
230,0.41702410784650745,0.4193089785066222,0
231,0.02850233044218864,0.4219517698878579,0
232,0.2837890104213937,0.42403151290840635,0
233,0.02167601606155123,0.4260373351295853,0
234,0.06647229438142688,0.4285606520857279,0
235,0.310689015183776,0.43025014194648725,0
236,0.12738410692486457,0.43117609883756935,0
237,0.057718323394163384,0.43166309243629597,0
238,0.20785098944846958,0.4320646952109545,0
239,0.06396859342742045,0.4320646952109545,0
240,0.2559287680038048,0.4349349399215907,0
241,0.043122101214881914,0.43594883946985863,0
242,0.017775079705403818,0.4367461033241403,0
243,0.1398031852817908,0.43874275192386347,0
244,0.013724179315133589,0.4403289182221021,0
245,0.01657847808785684,0.44058786882259093,0
246,0.02102315391293408,0.44063623390206885,0
247,0.13619367798374338,0.44171152766276,0
248,0.03498639382793545,0.44171152766276,0
249,0.060301504949134555,0.4418690745269013,0
250,0.4319426662121786,0.44238705478047124,0
251,0.11120114665859437,0.44357613054968015,0
252,0.0025924334351365985,0.4439934463730101,0
253,0.01750437602369581,0.4440325845922921,0
254,0.16898046749807272,0.4444963562618912,0
255,0.07739817983104691,0.44450367368011023,0
256,0.2828492558577883,0.4448687646883266,0
257,0.014485257878296687,0.44490413533956674,0
258,0.05629867804611122,0.44770506649698505,0
259,0.06704432276673544,0.4478180274045047,0
260,0.158280062488507,0.44873646903620523,0
261,0.019082645942939402,0.44912185203910193,0
262,0.21981404338308763,0.44971854621592955,0
263,0.13248288977783662,0.4498397892482169,0
264,0.00655021381744314,0.44986669594734563,0
265,0.18645127480367663,0.44986669594734563,0
266,0.04394310197725848,0.4502049796551778,0
267,0.20212655762611875,0.45034509420543956,0
268,0.0014297586644604898,0.45208783802046315,0
269,0.0643322679621755,0.45266433453523613,0
270,0.07334047710776637,0.4531724047029908,0
271,0.29390554709714567,0.4532457789369977,0
272,0.3159250498216404,0.45433439848673296,0
273,0.022503875009991403,0.4586492339456333,0
274,0.0027183142006237393,0.46031292658326217,0
275,0.008116248602203835,0.461379990783635,0
276,0.005432237476497903,0.46308031118542936,0
277,0.03925225861240822,0.4633158016905671,0
278,0.1304880111113863,0.46393077566293917,0
279,0.36055129593125224,0.46543880823710393,0
280,0.006947679684251251,0.4658329731605011,0
281,0.09942929412373569,0.4659059001378334,0
282,0.07662617784395065,0.4665495963211418,0
283,0.2295554446470306,0.4699799356833455,0
284,0.002464219789479638,0.4714253820721671,0
285,0.14692822674813255,0.473315525605831,0
286,0.0068466680808648706,0.47912950336157667,0
287,0.02387319498122087,0.47947596031627615,0
288,0.06770390735029619,0.4808821787848503,0
289,0.0009935610918287985,0.4808821787848503,0
290,0.14057375906432057,0.4840846751168626,0
291,0.07846662985149366,0.48546252641060217,0
292,0.042651716255228234,0.48719766249953333,0
293,0.042958151673274325,0.4875199999519968,0
294,0.04168117232483193,0.48809014318086175,0
295,0.007283885970431281,0.4894591735675008,0
296,0.06162610431364579,0.4915942970244942,0
297,0.011369323815770271,0.49199706732937354,0
298,0.03772536900728973,0.4920244005276393,0
299,0.1939913381995264,0.49334267266165477,0
300,0.34991346490487363,0.49334267266165477,0
301,0.03631230080705827,0.4935164799298476,0
302,0.021408810548408597,0.501260765750733,0
303,0.0066971963834209225,0.5014131017469741,0
304,0.011484995857710012,0.5018937452334323,0
305,0.27373352548636265,0.501989873647164,0
306,0.3000004407262158,0.503241259844357,0
307,0.4529681299031675,0.5055235741189473,0
308,0.07209205505929661,0.5074601588490821,0
309,0.061953474226351224,0.5085298296398046,0
310,0.3856511942680797,0.510589153449091,0
311,0.08728561919881428,0.5134794270965676,0
312,0.21835076674691978,0.51606955333359,0
313,0.010801415551551785,0.5201837734828498,0
314,0.12473641256214851,0.5207295580780226,0
315,0.4974864867111125,0.5227792996653258,1
316,0.27073229474539307,0.5241596461902505,0
317,0.3656127398231077,0.5247240887428587,0
318,0.4915738095673736,0.5265792769544477,0
319,0.4692530881468665,0.5279598903501331,0
320,0.24454879641584426,0.5285926816842944,0
321,0.37237135431786184,0.5294804580651653,0
322,0.25653883166131153,0.5300753191301224,0
323,0.3330592030592142,0.5328886071348046,0
324,0.0009696328035517787,0.5341591647600247,0
325,0.014566337895463577,0.5349432194340284,0
326,0.15514532821492277,0.5393605829957476,0
327,0.09670690694330741,0.5393605829957476,0
328,0.5146827799340891,0.5394609284244962,0
329,0.3597478970387663,0.5403718311855408,0
330,0.051940657556916126,0.5408113824359982,0
331,0.06903135957703588,0.5417521042581275,0
332,0.26190407069668664,0.5430462760407242,0
333,0.5147513327267299,0.5442495588398044,1
334,0.522800639402736,0.5445838148737645,0
335,0.230966567721958,0.5583421145124395,0
336,0.22399996160963487,0.5589732262558021,1
337,0.21620432862310124,0.5590863214768704,0
338,0.5191994268375715,0.560446574677376,0
339,0.34974660265480884,0.561015864064602,0
340,0.0666898054530658,0.5627744572606467,0
341,0.502761792061021,0.5628322272563709,1
342,0.4981242250142952,0.5744414714118662,1
343,0.32725618952298385,0.5749297312421514,0
344,0.4121392366336958,0.5762928119786082,0
345,0.1707681260720767,0.5788260361182329,0
346,0.17671837189226225,0.5788260361182329,0
347,0.3272121204820907,0.5820432723181808,0
348,0.5131869161968372,0.5830497693339216,1
349,0.5293863769143389,0.5874405618467513,1
350,0.3922667261890801,0.5958886836745123,0
351,0.5047850673119232,0.5985453932557784,0
352,0.5437819221083492,0.5997452690185154,0
353,0.501989873647164,0.6001150526351673,1
354,0.4293369162947176,0.6012606359752297,1
355,0.4233803711063626,0.6060170313215588,1
356,0.49655399231714825,0.6078364396082385,1
357,0.523281285469805,0.6120859620779433,1
358,0.03980040625761083,0.6146835067602316,0
359,0.5138166123273288,0.6171815462662646,1
360,0.11238957796512394,0.6183453619406636,0
361,0.3920698328494925,0.6197011978654577,0
362,0.19389397060320668,0.6245644126298376,0
363,0.5930466140113986,0.6253550156683392,1
364,0.5386150198754254,0.6276356236384959,1
365,0.25554959325927973,0.6291453511119892,0
366,0.07494488136290911,0.6331154080866173,0
367,0.6165435445068063,0.6344931402742411,1
368,0.5040691195745066,0.6383391442845485,1
369,0.6368032475524881,0.6409530756534256,1
370,0.523281285469805,0.6425961543463454,1
371,0.05683061638486475,0.6429919689120658,0
372,0.6002979247025122,0.6451846144267606,1
373,0.5890951253376455,0.6563136011805243,1
374,0.31283396142152187,0.6567969652378283,0
375,0.2591076784070956,0.6578940101712016,0
376,0.25820333392567785,0.6595154150880749,0
377,0.6335567361026199,0.6602604214896269,1
378,0.49655399231714825,0.6649166963763613,1
379,0.4383139302887419,0.6661812973959326,1
380,0.27398588959213344,0.668700477949735,0
381,0.48568329942759514,0.6731344956016767,1
382,0.5359048365300433,0.6775597167586983,1
383,0.6650542326327544,0.6793118547476906,1
384,0.6252283826768998,0.680246726573602,1
385,0.5594904819229631,0.6850022638373143,1
386,0.6087844264068475,0.6878813142566325,1
387,0.6380440961455823,0.6881131957526643,1
388,0.5971702071708942,0.6902491753131935,1
389,0.6297514084823216,0.696486103117856,1
390,0.6643697626991225,0.6970529901647746,1
391,0.5034416646601487,0.6985305426167338,1
392,0.6259745892016884,0.7039051561623246,1
393,0.6788734024514244,0.7056237797602216,1
394,0.7056213316095932,0.7070807464734221,1
395,0.6829616815087342,0.7084493893205107,1
396,0.6742194693030702,0.7094147717661746,1
397,0.6157641837462466,0.7100555204428319,1
398,0.5990577772144364,0.7103746368995535,1
399,0.6937489543483134,0.7256005064141507,1
400,0.533938342856865,0.7262553445896259,1
401,0.7208768736820765,0.726268373840655,1
402,0.5327488602327117,0.7280942027931065,1
403,0.6563089407972926,0.7305568937355525,1
404,0.6663585459416671,0.7443896261085171,1
405,0.6773265931894294,0.7460018479194953,1
406,0.6295198811288605,0.7499724923920145,1
407,0.6454224569977122,0.7515062720192937,1
408,0.6695720545390098,0.7516092532909011,1
409,0.6104244352281327,0.7529931100285016,1
410,0.39576256279912714,0.757859575009098,1
411,0.5185081968329903,0.7582088673466666,1
412,0.6732849386510189,0.7590538892083586,1
413,0.5933624565860047,0.760585250673142,1
414,0.06631651363691271,0.7611628512097576,0
415,0.727638495442743,0.7619784581556603,1
416,0.5851545219067409,0.7650772354155257,1
417,0.3978775813625035,0.7708402003047542,1
418,0.7398945968317614,0.7730227670047951,1
419,0.45807900897592513,0.7756763097815327,1
420,0.640435321883608,0.7774990907348375,1
421,0.44078013295901564,0.7806074779087093,1
422,0.7696411370281177,0.7809321134141473,1
423,0.697171031601151,0.7820108663249151,1
424,0.6055717531720949,0.7842246061033923,1
425,0.6813115624993483,0.7885052534108908,1
426,0.668700477949735,0.7939903646008886,1
427,0.6986986326371881,0.794452584864843,1
428,0.6674820322521782,0.7946068387722584,1
429,0.6249500878867033,0.7951993243859322,1
430,0.529494603155907,0.7968978751264064,1
431,0.6336046821409823,0.7970104700125212,1
432,0.6376539226016001,0.797569725415402,1
433,0.7832496316924563,0.7996454627928503,1
434,0.7611628512097576,0.8022480561342176,1
435,0.7443760048991823,0.8023576464397796,1
436,0.4878318481918996,0.8025127093983266,1
437,0.6335931465125705,0.8030618734220172,1
438,0.6879632884599737,0.8049633603072894,1
439,0.4158023519151859,0.8071566177842541,1
440,0.5923959004383003,0.8104615884290066,1
441,0.8026858192702087,0.8122156181621432,1
442,0.6748808312381532,0.8135641010213565,1
443,0.7875740419036465,0.8138741000627737,1
444,0.7568929332718325,0.8161779877169019,1
445,0.4714253820721671,0.8173390664136043,1
446,0.7994314452594249,0.8183337959313767,1
447,0.7220235804915567,0.8198309266953581,1
448,0.7452983920278582,0.8203004231930228,1
449,0.6161258512713474,0.8208670002925932,1
450,0.5571805104256152,0.8210208975004856,1
451,0.771674552006459,0.8245803964604986,1
452,0.5504718677856647,0.8250422625989158,1
453,0.8121036999905641,0.8255048579605495,1
454,0.6404022649782218,0.8297086168814553,1
455,0.7442403075386798,0.8300419701163922,1
456,0.5833306288470926,0.8311525317915716,1
457,0.7748305302046614,0.8327156864738342,1
458,0.6912021646720706,0.8327855480986263,1
459,0.6600246391543616,0.832866474374911,1
460,0.60960588968759,0.8339291820782794,1
461,0.5935136405086029,0.8339983342219003,1
462,0.8014482529199153,0.8351721442209166,1
463,0.7914127792201893,0.8363165601172969,1
464,0.7912720227405947,0.8369137513090056,1
465,0.7745323637207849,0.8369148941213999,1
466,0.6879632884599737,0.8377248061866183,1
467,0.43692418400708777,0.8379918206506459,1
468,0.6898604767992693,0.8383628891013899,1
469,0.6487784094487259,0.8384025019918044,1
470,0.7945001309187096,0.8391356809669757,1
471,0.8350621606403329,0.8405299168846945,1
472,0.7351460835975177,0.8414526409348245,1
473,0.47196253347847805,0.8428141840981485,1
474,0.5169102824715728,0.84473842119172,1
475,0.8126104466750563,0.8448089548292915,1
476,0.7246786174484187,0.8484010543280319,1
477,0.5444153321053867,0.8488596496480862,1
478,0.50477759797381,0.8494015811311548,1
479,0.7989623772195942,0.8503314715646599,1
480,0.4902614271261143,0.8519933441734201,1
481,0.5417277016899955,0.8521788903680609,1
482,0.7829022541262464,0.8523107810766244,1
483,0.8021217047225878,0.8523315388181385,1
484,0.7227812008214048,0.8532980151184848,1
485,0.5722598798990943,0.8540868302308438,1
486,0.6361982490133081,0.8563791769308269,1
487,0.5071253445502494,0.8573705076558139,1
488,0.4923437152074701,0.8596489308081386,1
489,0.6432624594952299,0.8605178982530588,1
490,0.8124320013586979,0.8608206704618079,1
491,0.6193539269754916,0.8615209585069132,1
492,0.7319029172104657,0.8615467178785539,1
493,0.792456664070532,0.8622869137555746,1
494,0.569838489083492,0.8630484298478595,1
495,0.8243101605619869,0.8635482817022535,1
496,0.8442878615883822,0.8636818697451192,1
497,0.8455916104599259,0.8637110620573631,1
498,0.6749782127333618,0.8662193548836551,1
499,0.7025330608231185,0.8674003783115204,1
500,0.30395879087095723,0.8678286514578896,1
501,0.8257659931914365,0.8678871631996062,1
502,0.6873952282379583,0.8698424020349557,1
503,0.7768558272890691,0.8713457301231053,1
504,0.5131869161968372,0.8723726687153597,1
505,0.5384248461458593,0.8738959843155769,1
506,0.6240054671946157,0.874942377975905,1
507,0.7488632686819097,0.8755148085609173,1
508,0.7326714326106623,0.876950547407702,1
509,0.4170536822341403,0.8771639743581936,1
510,0.6555047338473075,0.8787929345952308,1
511,0.6154610571622661,0.8789311413389636,1
512,0.5875893299081405,0.8799423037970707,1
513,0.7132071378271749,0.8805260425269791,1
514,0.7592077094782916,0.8805504459264262,1
515,0.7480293358706458,0.881633444982432,1
516,0.7594894522587724,0.8822052626360056,1
517,0.48269872089945176,0.8826164340007431,1
518,0.7320793540101627,0.8827779293591685,1
519,0.6597801325615941,0.8852622772404859,1
520,0.8279838961736433,0.8853727018841472,1
521,0.621531927357018,0.8854715529869804,1
522,0.8288556282126363,0.8870313475904295,1
523,0.5369099941114766,0.8872064959279605,1
524,0.7396060688980944,0.8874066970804473,1
525,0.7364834447994706,0.8876712418905675,1
526,0.809570042823731,0.8880383175709419,1
527,0.6878221469481791,0.8898039175426524,1
528,0.820816484106269,0.8902992452284352,1
529,0.6728543937683549,0.8903169271543471,1
530,0.793092503722835,0.891211311335334,1
531,0.8076891626778673,0.8921862459954099,1
532,0.59377087562084,0.892539910642604,1
533,0.6667812969385959,0.892786998652863,1
534,0.6843929839142602,0.8935050823114745,1
535,0.7040526884206542,0.893634930721278,1
536,0.6814545889327452,0.8945716154400284,1
537,0.7279556498778658,0.8950750074586182,1
538,0.8267297066036583,0.8955309145273598,1
539,0.6075740918741236,0.8960188207887491,1
540,0.6177088813254953,0.8969591578475887,1
541,0.6952161300827522,0.8981387965900695,1
542,0.7408474407845979,0.8985560572423007,1
543,0.557968202245876,0.8988030069168845,1
544,0.7796650916131899,0.8994382084771503,1
545,0.6432261640249541,0.9001018416284989,1
546,0.679084173088224,0.9011590429104216,1
547,0.6304555521144589,0.9017897774954059,1
548,0.8389462409917124,0.9041994227802496,1
549,0.49440647804416316,0.9053848523667328,1
550,0.7713893287625462,0.9055497488034142,1
551,0.7262427764160049,0.9056158328815076,1
552,0.691926068924063,0.9068626948500503,1
553,0.8857736107918635,0.9071633507725431,1
554,0.620477709390739,0.9074431222583671,1
555,0.4553719442211426,0.9075255152905006,1
556,0.7223468359090236,0.9082671141969904,1
557,0.4643899751734434,0.9083462248783136,1
558,0.7659329202659957,0.9086378742832965,1
559,0.690679485014303,0.9087402976445546,1
560,0.8491876677606032,0.9096675369513206,1
561,0.8749136211558983,0.9099077652286576,1
562,0.5138106401342076,0.9103420752960067,1
563,0.781295435464388,0.9106993634886562,1
564,0.8198661021774818,0.9121823364281676,1
565,0.7594263395848042,0.9127774994074089,1
566,0.7389258820634326,0.9139662675988486,1
567,0.8226640790393454,0.9140243465399682,1
568,0.6541080132966514,0.9142058858876342,1
569,0.7708863298758117,0.9142549573913823,1
570,0.35200908611553605,0.9143375059212411,1
571,0.42826347154297517,0.9151663976273111,1
572,0.9117179169694818,0.9157115958889346,1
573,0.8857736107918635,0.9157793543060144,1
574,0.7468674122016415,0.9159128230046044,1
575,0.4845406876955757,0.9166427282729799,1
576,0.7766061754334722,0.9178929048104832,1
577,0.8865271667809842,0.9191363978763069,1
578,0.6873952282379583,0.9198619621524313,1
579,0.8928461125235407,0.9202262088096594,1
580,0.8647807777861161,0.9210202140151847,1
581,0.8603028455824864,0.9213469101252129,1
582,0.679084173088224,0.9231342955111177,1
583,0.6015393034328451,0.924303293523033,1
584,0.4088631031997202,0.9262290316655505,1
585,0.607967694249591,0.9290784412609109,1
586,0.7258523947110607,0.929150738123697,1
587,0.640933822449464,0.9291685608303458,1
588,0.7453160642905072,0.9302333676426298,1
589,0.7562453489092189,0.9315114875915151,1
590,0.8980188318841014,0.9315920527755007,1
591,0.6696689221563702,0.9321240980177034,1
592,0.5462738649801453,0.9324102753850317,1
593,0.46853516560242325,0.9327827093376453,1
594,0.5296551347599403,0.9331521140801886,1
595,0.6722578822950096,0.9331763961340741,1
596,0.7417790428153985,0.9338683543720415,1
597,0.711323062198129,0.9339138382351356,1
598,0.5778734207312111,0.9344245466890815,1
599,0.7762677642019535,0.934702539861004,1
600,0.7786537820637232,0.9348787860403013,1
601,0.7665168882245934,0.9356563413262428,1
602,0.5186109518307146,0.9365682129303893,1
603,0.6408772685739577,0.9368767561076207,1
604,0.5939006018427608,0.9373811756990097,1
605,0.9060445957266906,0.9387619722787274,1
606,0.7200975846208233,0.9389809118834807,1
607,0.4220601118655698,0.9403625394244655,1
608,0.6911936903090399,0.9407827917920083,1
609,0.6941443013163061,0.9411011823577737,1
610,0.8922288659969667,0.9426227314363766,1
611,0.6011075436380526,0.9441349079764707,1
612,0.7219024790695541,0.9447263038177907,1
613,0.7367256070189083,0.9448844514464293,1
614,0.5849304740250002,0.9448848501956311,1
615,0.5909102537996537,0.9453685836404203,1
616,0.7042520623987178,0.9459138063116632,1
617,0.635953389416178,0.9459775688154092,1
618,0.5162436900010803,0.9459881900329892,1
619,0.8973708428635404,0.9462366738032244,1
620,0.6803208544623172,0.9467463205576553,1
621,0.5756889118521027,0.9476619515891326,1
622,0.5593334598808772,0.9480672349003335,1
623,0.35936444640936704,0.948216833988745,1
624,0.6636706404949076,0.9485393324993204,1
625,0.35739349793010056,0.9488166365999718,1
626,0.6799820594657576,0.9493932278009363,1
627,0.6995311025095267,0.9496656160711883,1
628,0.6474474539852305,0.9509564411966503,1
629,0.3791229721242383,0.9513736597118493,1
630,0.6605108363867539,0.9522968557552719,1
631,0.7581121724144979,0.9524852178599237,1
632,0.6014487492992288,0.9525359326850755,1
633,0.9344779244505751,0.9525386026936147,1
634,0.6937984319955152,0.9535604318960083,1
635,0.6262989075357426,0.9535708967901542,1
636,0.5266048208145134,0.9548246237682503,1
637,0.5958625786163289,0.9572209547508085,1
638,0.7379071942508438,0.9572640927180015,1
639,0.7764729634392632,0.9579070693208039,1
640,0.7889091000842895,0.9587470079744391,1
641,0.5489390817967428,0.9606240551717627,1
642,0.6605108363867539,0.9618464639431199,1
643,0.8819233119036916,0.9622172935296041,1
644,0.4906768926219234,0.9624787826274261,1
645,0.8214963638484677,0.9627384382056021,1
646,0.8210068477805217,0.9633288013058787,1
647,0.6774276109974134,0.9633791082762726,1
648,0.7946946437805271,0.963658011171823,1
649,0.91979838486622,0.9640549848224074,1
650,0.9545219878296252,0.9642031173561327,1
651,0.6165435445068063,0.9642224037983146,1
652,0.6599077549356919,0.9659013468482789,1
653,0.5409734274710299,0.965905570561338,1
654,0.6663349530541898,0.966055618642023,1
655,0.5833797103288288,0.9665809466900106,1
656,0.599405305689571,0.9674988756268891,1
657,0.6351850885888836,0.9680597522088089,1
658,0.6394846376460912,0.9686637609546762,1
659,0.7720700279000534,0.9690507032250164,1
660,0.6171563345208034,0.969582947115687,1
661,0.6357212338688734,0.9700189727644779,1
662,0.5425275941882043,0.9700999405558548,1
663,0.5138106401342076,0.9701767741853567,1
664,0.5722299722430688,0.9708070230210248,1
665,0.6565156597073306,0.9709104748152813,1
666,0.6964696238877701,0.9712727456054033,1
667,0.8256734313341177,0.9714315274691742,1
668,0.5235687356695388,0.9714316563632104,1
669,0.6380440961455823,0.9718814928142488,1
670,0.6577874165588353,0.972974944286223,1
671,0.5539575299516473,0.9735710668231039,1
672,0.7713893287625462,0.9740226723479348,1
673,0.6115525845915241,0.9741734048908219,1
674,0.5732069807838056,0.9747489505412539,1
675,0.8012501219572825,0.9770067021017332,1
676,0.5123830384496725,0.9774039968971197,1
677,0.5958625786163289,0.9785227469833767,1
678,0.5608562121649037,0.9786001372785064,1
679,0.9512690549398106,0.9796504120131281,1
680,0.48564347868867563,0.9798130489654896,1
681,0.6836490987014598,0.9798299396910974,1
682,0.673185535810505,0.9799365217610898,1
683,0.5489390817967428,0.9799665392090205,1
684,0.7465729467817811,0.9801680268612905,1
685,0.4840700747995582,0.9805688842132774,1
686,0.4788567998211817,0.9806377306657168,1
687,0.9537907728747173,0.9809558649556293,1
688,0.7165797138946516,0.9816881187499893,1
689,0.6368032475524881,0.9825799052939176,1
690,0.5190766173748299,0.9830291286179564,1
691,0.5215473293431098,0.9835210296472815,1
692,0.938197045768978,0.9846439761186137,1
693,0.4787735259562612,0.9846908772166807,1
694,0.6151944321160207,0.9847819585673916,1
695,0.6382079567767739,0.9849154472695475,1
696,0.6373717725109633,0.9850193138644372,1
697,0.6146835067602316,0.9851426435697387,1
698,0.7440278140910715,0.9856616267337327,1
699,0.6564891520211573,0.986755733345543,1
700,0.6347209591655055,0.9883906952507389,1
701,0.5991978921880954,0.9887556782581537,1
702,0.7740732839786058,0.9897829393560145,1
703,0.7004404075647792,0.9904502848096378,1
704,0.543605052094233,0.9912691811614973,1
705,0.5593813733876526,0.9926329854568763,1
706,0.6382353812583695,0.992824531704351,1
707,0.5677608034053652,0.9931437278363715,1
708,0.514086242977783,0.993675766749002,1
709,0.5833975311118339,0.9945007286481108,1
710,0.5651802433987029,0.9946635040214696,1
711,0.4677645781388903,0.9950329532735404,1
712,0.5578666933504989,0.9952641633600692,1
713,0.554204786469289,0.9954988302895172,1
714,0.468645797441018,0.9958404126763356,1
715,0.6309738616581976,0.9963840993293075,1
716,0.5836460584089085,0.9969885662296522,1
717,0.5646831917257288,0.9971213323868946,1
718,0.5522225611112486,0.997567740153315,1
719,0.4333346734530473,0.9998629722486438,1
720,0.0004084286188137387,inf,0
721,0.5240453657965952,inf,1
722,0.551002557753472,inf,1
