,Birth,Death,Dimension
0,0.022240497975938855,0.027907762389866697,0
1,0.03390271629796804,0.050228988070644576,0
2,0.019445351698645363,0.054447410850688494,0
3,0.026704219383793082,0.07081027299761045,0
4,0.06927924054962964,0.07418598526773079,0
5,0.07519655383397994,0.07532018428320963,0
6,0.06247163441061454,0.07753314362960873,0
7,0.04958018218367244,0.07998566111125716,0
8,0.07183321596485992,0.08279874007454557,0
9,0.07064405353690328,0.08714599791005395,0
10,0.08873680644544013,0.09169752096826222,0
11,0.055954264546240196,0.0957084406673896,0
12,0.024142203622748548,0.10486898526799981,0
13,0.020740626073578627,0.10591665422612562,0
14,0.03799006172967456,0.11265590895691391,0
15,0.030901159111955012,0.11305199077037087,0
16,0.04427227970385328,0.11391024124214866,0
17,0.08270262565950848,0.11625088784772575,0
18,0.10553401675497265,0.11764442148082921,0
19,0.09232175564403433,0.11859992523094942,0
20,0.08185207623175705,0.11941013357320629,0
21,0.053399165306619034,0.11941013357320629,0
22,0.05841323546928323,0.12125277558762049,0
23,0.0999158953715078,0.12244242668070937,0
24,0.05349166406552719,0.12283206990119555,0
25,0.0755322799142768,0.12643630959442076,0
26,0.1072130510294459,0.1303111078066571,0
27,0.04661180904175044,0.13085181727235373,0
28,0.09805792428383675,0.13320268898289622,0
29,0.11848700639855303,0.13382346051466532,0
30,0.05908314140208204,0.1375775170291651,0
31,0.07388395754814203,0.13998095216026762,0
32,0.10594635370186245,0.1407444247663474,0
33,0.11109581761977227,0.1408815861084931,0
34,0.12456733635352124,0.1409123865832953,0
35,0.04144632175742535,0.1409123865832953,0
36,0.11871411980879021,0.14422680305835733,0
37,0.08668374088978958,0.14584086535212937,0
38,0.08040962542503982,0.14598660884582715,0
39,0.09384669302374016,0.14798992322355664,0
40,0.03745408843689202,0.1481972681096423,0
41,0.04990079753184562,0.14840259547702273,0
42,0.08932150666598859,0.1484058387077245,0
43,0.11790147621733882,0.14994012649987754,0
44,0.030687488509146377,0.15007836797299323,0
45,0.03271817734689786,0.15110088716307013,0
46,0.009823063335061555,0.15155142744390515,0
47,0.030836698205039648,0.1536062384259813,0
48,0.14532397910857797,0.15434957275709715,0
49,0.10000543950514473,0.1554637677204107,0
50,0.031364847112416605,0.15639590627033384,0
51,0.04066774409962248,0.15639590627033384,0
52,0.032734826373490455,0.15678251625643003,0
53,0.05591019229088223,0.15776867566381347,0
54,0.08682169725132571,0.1578908987949661,0
55,0.02959882837864014,0.15825914036038347,0
56,0.10785646416080275,0.16158079008456383,0
57,0.04996595343664445,0.1621415152061496,0
58,0.08063510911649208,0.16322718961210103,0
59,0.06365759221747225,0.16436875681489205,0
60,0.12625974078664326,0.16445556063166578,0
61,0.11722346728578037,0.16518188562529612,0
62,0.10163428583899436,0.16750714670417022,0
63,0.061166919336837156,0.1677299941168401,0
64,0.15006001543996328,0.16921733146430673,0
65,0.09504573374130965,0.17094421829331152,0
66,0.020043258884760773,0.1720845739319884,0
67,0.08079548181159135,0.17239796325526668,0
68,0.05067932920027962,0.17411216820021425,0
69,0.1647811237436828,0.17450627210942038,0
70,0.15177739266868162,0.17676766080030726,0
71,0.14048939083445533,0.17730438872846122,0
72,0.009001386529185362,0.1781854679974042,0
73,0.031008204967239106,0.18125343504202096,0
74,0.0932966352478195,0.18198850636980202,0
75,0.1386676030188736,0.1829157494715401,0
76,0.034820802087267344,0.18337371566193117,0
77,0.1035604900404491,0.1840272788651819,0
78,0.1244034836347635,0.18510299542384956,0
79,0.09875370438730091,0.18638022059251058,0
80,0.17884757747571733,0.18718957794772584,0
81,0.012734433299127823,0.18786604060362755,0
82,0.050565795466843366,0.18958645598502089,0
83,0.0905682749936857,0.19025578647208674,0
84,0.04294806911162352,0.19076978953126078,0
85,0.12200193262573611,0.19102828435870045,0
86,0.14794505633806265,0.1912253748056002,0
87,0.15119457463384534,0.19133465393665972,0
88,0.10467226446638178,0.19135360414939062,0
89,0.173169769414104,0.19207703950929722,0
90,0.14333911383006492,0.1922452642849004,0
91,0.09416853079454746,0.1934566456294028,0
92,0.12078780050659677,0.19378847548238298,0
93,0.09916161876909602,0.19430517313593232,0
94,0.033993491352211413,0.1945287796955043,0
95,0.09366761408688551,0.1945287796955043,0
96,0.04634438300153698,0.19562430088781457,0
97,0.1088098259605027,0.19628214641020036,0
98,0.17929319753650685,0.1967164926364987,0
99,0.18385475552287123,0.19684629872212223,0
100,0.06950467020650464,0.19839511918976704,0
101,0.19746002919999894,0.1988428134816813,0
102,0.014820903525912588,0.20073124860673908,0
103,0.056715131839933486,0.20218292371839885,0
104,0.10155412032225442,0.20230057787333744,0
105,0.1649444428905683,0.20384647481334894,0
106,0.1313674114332728,0.2038960226874973,0
107,0.17631782404688678,0.20475543629368387,0
108,0.1208288175196589,0.2050568423797975,0
109,0.09626329842191617,0.20732349455582488,0
110,0.11000963752463122,0.20916057193045667,0
111,0.06537783388950702,0.2097002916834284,0
112,0.13237919877135906,0.20994711609895744,0
113,0.16999399476615773,0.21210183416868744,0
114,0.07429924214192107,0.2126078995848406,0
115,0.045164615910516015,0.21370620745572588,0
116,0.17146201104140713,0.2142444364337035,0
117,0.206526727399308,0.2143851782496956,0
118,0.09650122095536096,0.21535002736913889,0
119,0.11682241645684965,0.21603300134459535,0
120,0.12637457155528709,0.21613279047508427,0
121,0.09036302646774885,0.21622237637594388,0
122,0.16118315438407438,0.21631858181581964,0
123,0.02496065036130468,0.21636614526980147,0
124,0.11193522830701919,0.21674563019206095,0
125,0.13786780645800745,0.21684881696413927,0
126,0.10999690179976185,0.21766090408052086,0
127,0.07666013526256554,0.21824617933492585,0
128,0.2143672691240599,0.21956934166241293,0
129,0.0928750374476911,0.22019444594648852,0
130,0.07322870750843147,0.22036008921311934,0
131,0.07495752203970862,0.22063776394832324,0
132,0.08139070050631902,0.22122640502339652,0
133,0.04356653759580342,0.22151437270218488,0
134,0.20868205545652263,0.22151437270218488,0
135,0.09991962432387602,0.22219818029317007,0
136,0.01701236207087553,0.2229203651102868,0
137,0.025312866555723956,0.22296912948195402,0
138,0.014781617019153814,0.2233330213974276,0
139,0.1686476721928929,0.22342518331117456,0
140,0.07796079358269603,0.2234789673513572,0
141,0.08894738096273613,0.22352139290465745,0
142,0.07532775859019902,0.22386367742138968,0
143,0.14606613615250863,0.22472765392173555,0
144,0.15006602721926443,0.22510667797558648,0
145,0.06662751196780148,0.2251496949027325,0
146,0.0518716198447311,0.2269869326833116,0
147,0.06989889283594897,0.227971968857689,0
148,0.1407613540468906,0.2294775178552455,0
149,0.19006643106767396,0.23005955288073154,0
150,0.12004715976605829,0.23078181046420276,0
151,0.07511776197951259,0.231109135454438,0
152,0.08418202695863941,0.23157368643609455,0
153,0.1762189737972908,0.23235312940796604,0
154,0.16425458753422784,0.23419437242933905,0
155,0.015024199073278677,0.23519663946727332,0
156,0.09123060082183543,0.2364498226615983,0
157,0.15032517252017663,0.2378103744004928,0
158,0.11279708925006271,0.2379207722157104,0
159,0.1792976035126228,0.238213749293268,0
160,0.16681552589485038,0.23854743208954865,0
161,0.05346770716896576,0.23867965296760418,0
162,0.11415806694261266,0.23959931215702357,0
163,0.2173684452311252,0.24164829575038815,0
164,0.08938130666310284,0.24181994218248037,0
165,0.10578781311175778,0.24190531330361276,0
166,0.13987567733021355,0.24248503118823705,0
167,0.07380696301279366,0.24295923658781626,0
168,0.056230131374471526,0.24313753125146664,0
169,0.01656006757394779,0.24367894510295152,0
170,0.12070729254141088,0.24382526635777146,0
171,0.03673425325527624,0.2440612070138547,0
172,0.11220452431755656,0.2440612070138547,0
173,0.16643803881686492,0.2442524465172563,0
174,0.2144619347815535,0.24427888035000622,0
175,0.23542697592903916,0.24435537133707752,0
176,0.15335372200120956,0.2445630273785553,0
177,0.10550677104954576,0.24477962979280243,0
178,0.07516583603175164,0.24512631965604847,0
179,0.05314401229986476,0.24568212469807105,0
180,0.1797214683148426,0.2462671225621179,0
181,0.020258376548352608,0.2471929208710597,0
182,0.11622850656157424,0.24769026967270313,0
183,0.1631915585227538,0.24786023413672487,0
184,0.15421231302011862,0.24791195994765425,0
185,0.2113696938074846,0.24803551275966051,0
186,0.21623874466674475,0.2491953426993997,0
187,0.01173634632997922,0.2493024860322659,0
188,0.13010622742249744,0.24940682301475514,0
189,0.24637566877914163,0.24955157078445067,0
190,0.09637458902899332,0.25110951030805795,0
191,0.04520326894588178,0.25118728463184037,0
192,0.06820663476949773,0.25182613433955825,0
193,0.10502833023946623,0.25278355407293973,0
194,0.1365301065825545,0.25327241708047543,0
195,0.06748051618955164,0.25341626364428305,0
196,0.24900701608110298,0.2540682731979035,0
197,0.11784797330812702,0.25448165096144904,0
198,0.10122297645052603,0.2549872165088113,0
199,0.11140750949049172,0.2553443922413796,0
200,0.05355372146826132,0.25589733042372387,0
201,0.20522573586836024,0.25616195955399723,0
202,0.0523446560549371,0.25695740734578165,0
203,0.13506224620178198,0.2575594023910539,0
204,0.06062823573294629,0.25780519986271333,0
205,0.1388203163888042,0.2580493961130236,0
206,0.21078764784540216,0.2584191198309427,0
207,0.010284495352736678,0.2593407033132804,0
208,0.09534231134122528,0.25991670441699277,0
209,0.22722807500435238,0.26020662158378616,0
210,0.24173266731666354,0.26041599044760766,0
211,0.20632069388905427,0.260670890497937,0
212,0.10902121985127022,0.26072085717462823,0
213,0.10586339236301923,0.2616450661030614,0
214,0.06762826205682348,0.26311047929064624,0
215,0.04653297744323326,0.26379333203224187,0
216,0.2030483493398061,0.2645674439776047,0
217,0.11050876242831065,0.264655014516908,0
218,0.0437698816200337,0.2646643576428426,0
219,0.11395579867084815,0.26544542255726744,0
220,0.04980898399053724,0.26555155338285785,0
221,0.036021440234015656,0.266334103920459,0
222,0.0736698155177763,0.26651793992707895,0
223,0.17648907679549697,0.2667207022489193,0
224,0.10394512536306377,0.2673006026284702,0
225,0.09860431093635658,0.2679931042128645,0
226,0.11416926879971301,0.26845726388054436,0
227,0.24319474588555445,0.26845726388054436,0
228,0.20256678442615295,0.26871860853133434,0
229,0.05092893264989451,0.26881599176168236,0
230,0.11501618879910491,0.2688294276705885,0
231,0.11685465115905302,0.26965005782882845,0
232,0.040694558686588445,0.2698221066802936,0
233,0.07980566934896938,0.27074898312317075,0
234,0.12564932602971135,0.271178677041067,0
235,0.18340390054080014,0.27199228158514943,0
236,0.11884862067900581,0.2723452875135546,0
237,0.1709687484732506,0.2729137694298267,0
238,0.07186490644655197,0.2729137694298267,0
239,0.24171710382648648,0.27315652352399433,0
240,0.17265827546076462,0.27384252685623556,0
241,0.23000977954878965,0.2742020470891964,0
242,0.15444595859494936,0.27590930215115406,0
243,0.13507359399340935,0.27732137848587723,0
244,0.04478358028607232,0.2777643351644782,0
245,0.16076315355520365,0.2778934429869364,0
246,0.24379171496660645,0.27797214673896875,0
247,0.07023439345185845,0.2781315195676253,0
248,0.2569616240508784,0.2784115191254425,0
249,0.11162887260156018,0.278483596165628,0
250,0.1153039301264509,0.2789570192438372,0
251,0.11606073260167116,0.28011128655777573,0
252,0.16282243907387217,0.2822692791059459,0
253,0.1905504968499232,0.28232854872745206,0
254,0.026270155006006712,0.28295494607725824,0
255,0.115726739947282,0.28311975784329024,0
256,0.08267662655738994,0.28332150676621914,0
257,0.1163389319623297,0.2833414506059594,0
258,0.14744120869868238,0.2844025497810123,0
259,0.0447991547842399,0.2847784071085506,0
260,0.14933321050329507,0.28501258260800066,0
261,0.07997354607856522,0.2851347009468397,0
262,0.1519321347478333,0.285320914742374,0
263,0.13640810890880517,0.28545781615595156,0
264,0.20322838444402902,0.2855122474130586,0
265,0.015318381661088343,0.2860460633895444,0
266,0.042556306008372013,0.28684658315217093,0
267,0.13925801539112648,0.28806768007535544,0
268,0.1253639099383257,0.28819092533995005,0
269,0.2120580862071153,0.28867472765211233,0
270,0.06449910048659924,0.28928946633616603,0
271,0.16924441939567403,0.2894315093248412,0
272,0.0434648837932049,0.2901220068316147,0
273,0.07610327698846309,0.2905549282631429,0
274,0.2623475155129549,0.2906265124826496,0
275,0.028971529622770498,0.2913263802052435,0
276,0.18863197043619917,0.291395782366319,0
277,0.049845468599849285,0.29160185779527703,0
278,0.19128090388387442,0.2917035657969189,0
279,0.2908555456818448,0.2926944455829874,0
280,0.06583569251542709,0.2926944455829874,0
281,0.25561650457335217,0.29304424161162324,0
282,0.031198482214641277,0.2931004007507513,0
283,0.038222346266632234,0.2942513807243482,0
284,0.0778249352697884,0.2952103400367855,0
285,0.018172215294544714,0.29583368712212965,0
286,0.2696878143943935,0.2959697014669276,0
287,0.15715833594094009,0.29641771206968437,0
288,0.14633891803446775,0.2965055166509346,0
289,0.11243325502977042,0.29666064926890856,0
290,0.2838709501877028,0.29669757856524714,0
291,0.19433698244935171,0.2967772362119807,0
292,0.11923247458826103,0.2970082085537791,0
293,0.03824143067888508,0.2975018117413405,0
294,0.10861250434742609,0.29763052547961255,0
295,0.14041417926829258,0.29871884981528507,0
296,0.06743395406958597,0.29884181943844723,0
297,0.17255345822706403,0.29908022597226414,0
298,0.2808780288055852,0.29969806873581484,0
299,0.1006281970511611,0.29999152862235057,0
300,0.09361730239791244,0.3030490036445991,0
301,0.034125623378413183,0.30375747839830647,0
302,0.27488148817030833,0.30399799169938635,0
303,0.008309573730211794,0.30399799169938635,0
304,0.04333476121227253,0.3041786809955035,0
305,0.05778521767554423,0.3044136796927911,0
306,0.20443118526121906,0.3046226370088465,0
307,0.05376592574545791,0.30486125510299744,0
308,0.05314445582760796,0.3048986396463046,0
309,0.048763045685355055,0.30538990281441347,0
310,0.0316408923305318,0.30563715704898464,0
311,0.07683241231368776,0.3056550044114671,0
312,0.11774343710270119,0.305707940117821,0
313,0.01419664550911659,0.30584142686386195,0
314,0.12516474752917406,0.3062945007480137,0
315,0.046280411650195585,0.3069401577998435,0
316,0.19777893729870488,0.30954804600305064,0
317,0.24474978024540828,0.3097821388284475,0
318,0.12740922754658157,0.30989998578843214,0
319,0.05550777671593754,0.31006110339415016,0
320,0.101599383975297,0.3100750345496005,0
321,0.0434852115369363,0.3105922201552467,0
322,0.00433930009883754,0.31085040428489963,0
323,0.15592509779066588,0.31085142518260267,0
324,0.07513448979023707,0.31105314587189425,0
325,0.0695668520717887,0.31105314587189425,0
326,0.12816281995901857,0.3111441047258927,0
327,0.17367932147853893,0.31117540768526164,0
328,0.053622077953629055,0.3112051079389262,0
329,0.03629690415716824,0.3115372661842176,0
330,0.07507170851614886,0.31311787180147943,0
331,0.031442432724699265,0.3132841925786315,0
332,0.04184807961986159,0.313904088650801,0
333,0.017577517408472132,0.31421137749238437,0
334,0.07690044538085372,0.3149569202098804,0
335,0.08832074861571648,0.3175514254516846,0
336,0.027187907136654976,0.3177424350475725,0
337,0.041706367648594145,0.31844714018363196,0
338,0.03731305409975094,0.31844714018363196,0
339,0.09176712747903037,0.3195632340160909,0
340,0.008263143393260286,0.31993773883303134,0
341,0.2063467585886587,0.3203260892467906,0
342,0.08369605080373688,0.32135438879643297,0
343,0.021782674071796015,0.3214138138535435,0
344,0.13082992943218852,0.32166174267242986,0
345,0.21574612059369658,0.32168215915867193,0
346,0.0367694005369652,0.32176883697328895,0
347,0.07105650224662785,0.3219598657222974,0
348,0.02606084021533428,0.32198107443571466,0
349,0.07754381450741854,0.32234320677593364,0
350,0.17026410005565407,0.3225829762392036,0
351,0.04499080939870703,0.3232710859532423,0
352,0.037113143760166944,0.3237688002313931,0
353,0.2904083599835693,0.32468983984889543,0
354,0.03377775741240441,0.3254186791623457,0
355,0.097172865512131,0.3255325824500559,0
356,0.015347839181462763,0.3255325824500559,0
357,0.007833316107833332,0.32589356150313076,0
358,0.15564327690440705,0.3264023878286404,0
359,0.3097247370939462,0.3264023878286404,0
360,0.09361151069780649,0.32733248578654073,0
361,0.04258076444013925,0.32758723557069946,0
362,0.18114204495884012,0.32830431510430924,0
363,0.2517172631651259,0.3283936681094918,1
364,0.019909338432818835,0.32887786045664424,0
365,0.11070043191762946,0.3290590237809119,0
366,0.16488289924042443,0.3290831414690123,0
367,0.2035931589736154,0.3294560914307153,0
368,0.14285553155033748,0.3296317135215645,0
369,0.10930369818948749,0.3298324554233695,0
370,0.22180597493412668,0.33024840302927816,0
371,0.07864567632434694,0.3303479072987229,0
372,0.0858180920576126,0.3310833588241483,0
373,0.1440611053319193,0.3315979863972299,0
374,0.23376204080002572,0.33280941043255885,0
375,0.25735984162851167,0.3329219095792957,0
376,0.09171096030152903,0.33332544987633395,0
377,0.15549123544580723,0.3333680116019251,0
378,0.06057880235597535,0.3335919475297966,0
379,0.021734934435241104,0.33566992653369254,0
380,0.10985593600393762,0.3357115832898828,0
381,0.14153438780246574,0.3363889256337489,0
382,0.050595548305511384,0.3365429292617713,0
383,0.11849253603174159,0.3368719939472201,0
384,0.2619213867964495,0.33714996629324434,0
385,0.2277166124866412,0.33716622821186104,0
386,0.10578557107072017,0.3371951781816013,0
387,0.13683546044809658,0.33849192057514754,0
388,0.09699988011626615,0.33849192057514754,0
389,0.09718883075128626,0.3385395570129245,0
390,0.09540240456373805,0.3387285030772912,0
391,0.14363820520126325,0.3389892559447173,0
392,0.19579019577068102,0.3389892559447173,0
393,0.050263969068356285,0.3390868981244567,0
394,0.2865941494223767,0.3396987680871585,0
395,0.04627093265517901,0.34044736779537776,0
396,0.11805476249185975,0.34073194119300976,0
397,0.019299237714801576,0.34110387341187376,0
398,0.2622335630433964,0.34122806721706744,0
399,0.2889379191788449,0.3412964334070837,0
400,0.06506016475041132,0.3413300569342024,0
401,0.00965934153712511,0.34167027180208,0
402,0.031079914024103594,0.3417225928914728,0
403,0.04753780832719923,0.3423879356701498,0
404,0.01707401760463212,0.34280058416835935,0
405,0.08845476986182343,0.3436268017661158,0
406,0.3294889748195281,0.3440369377779826,0
407,0.1276053439809237,0.3444218809966112,0
408,0.11740078371824347,0.3445289411012401,0
409,0.27006838476904704,0.3447853133813532,0
410,0.0240767820932154,0.34510370690337144,0
411,0.34055520068529743,0.34540745281200624,0
412,0.01844121913172636,0.34540745281200624,0
413,0.1534023877940578,0.34598402222269053,0
414,0.22061749793659458,0.34616133634905577,0
415,0.17510766885940632,0.34669618711149286,0
416,0.04771800213799848,0.34707994800283004,0
417,0.16579850682547648,0.3471527697655976,0
418,0.02325269940000685,0.34756001244723456,0
419,0.33126240799592055,0.34762973631801963,0
420,0.10015740045430954,0.3487621424948596,0
421,0.15703313604769875,0.34883685615445015,0
422,0.06325678023656611,0.34886238100810174,0
423,0.3151618730521143,0.3490083010824705,0
424,0.03908645071722583,0.3490467951027719,0
425,0.17945280767603233,0.3493363146397075,0
426,0.030219320060817956,0.3501467017728437,0
427,0.2147449675520774,0.35016801931828,0
428,0.08473871112422349,0.35048811130391977,0
429,0.028963973347393868,0.35153052274415497,0
430,0.057746917425951505,0.35179535939164697,0
431,0.17143367617767513,0.3518738909037157,0
432,0.050479138438800364,0.35205279685130375,0
433,0.0977958120843958,0.3527303947400843,0
434,0.10470927822291476,0.3529412349924994,0
435,0.1967646574543046,0.3533229104276493,0
436,0.28560578101438083,0.3534876842699102,0
437,0.0068471004869340435,0.35463443593406807,0
438,0.2906272532735984,0.35487066475288676,0
439,0.1318649882672842,0.35506599153630714,0
440,0.25341320530690326,0.3559772639113542,0
441,0.15758676217873258,0.35619807250895585,0
442,0.11061964555510884,0.35634212404457577,0
443,0.33586511601350144,0.3564081774295679,0
444,0.08811604822345831,0.35653948870113106,0
445,0.11110002328205992,0.35728364406443147,0
446,0.04855763692126891,0.35740665478119693,0
447,0.3110196862464112,0.3578556610167748,0
448,0.19850376788137025,0.35810478158057835,0
449,0.2990186477712634,0.3586207032309474,0
450,0.05776926754371303,0.3594169770372323,0
451,0.08356321086072716,0.3600273671773575,0
452,0.14591896246977354,0.3602749560985732,0
453,0.09323692086646396,0.3603055946030721,0
454,0.31359619789504123,0.36039874336004607,0
455,0.05449236128819468,0.3604258701253251,0
456,0.13605351425699685,0.3609883808807447,0
457,0.036620238187986986,0.3610090212253416,0
458,0.26668009789240477,0.36129156951946173,0
459,0.1414494390988923,0.36159986479036166,0
460,0.03479310131261659,0.36160869271485396,0
461,0.1203307641785778,0.3620077029328832,0
462,0.2774982824569491,0.3620248726723745,0
463,0.33668829931273314,0.36204003591615075,0
464,0.13987644196539262,0.3621392972680928,0
465,0.09256455680170139,0.36221328662219476,0
466,0.07384351960236446,0.36333174122932343,0
467,0.2610969117717704,0.3633890743452921,0
468,0.04692689937728478,0.3633917501731825,0
469,0.20668401148895443,0.3633917501731825,0
470,0.0631055952625652,0.36346676341478057,0
471,0.16760918684797166,0.3636190386199917,0
472,0.3102977533566571,0.3641046665730443,0
473,0.20547360881350063,0.3643184355037157,0
474,0.02626262488473019,0.36494764886339903,0
475,0.035832761826043336,0.3659781201030775,0
476,0.013833616957876438,0.3669298002092547,0
477,0.16530713812129905,0.36762525173523564,0
478,0.08194662701692279,0.36834664467723166,0
479,0.061487073635508205,0.3686559142091015,0
480,0.21758253814539752,0.3688641547699284,0
481,0.08676511730463765,0.36912839235403416,0
482,0.15867116330828257,0.36929360987283155,0
483,0.16781077560753188,0.3694021880121583,0
484,0.1735750032959149,0.36998325125975107,0
485,0.020974621875295307,0.3702236036590699,0
486,0.010269830634304977,0.37058945209212246,0
487,0.060916841990639514,0.3719863673891388,0
488,0.08018323465455035,0.3721039252515663,0
489,0.10274260565952231,0.3725289480596983,0
490,0.014075993357511751,0.3729031070750325,0
491,0.31207786134561755,0.3730124282277534,0
492,0.08003443240368158,0.3730124282277534,0
493,0.009165703516323176,0.3733111316984917,0
494,0.3106383875553995,0.3734974280790343,0
495,0.1377182024016853,0.37401748905067256,0
496,0.11458648720888764,0.3749144155490025,0
497,0.029325940807249262,0.3751330489450513,0
498,0.12045247215021482,0.3756268019624206,0
499,0.27136386039251226,0.3761778109727645,0
500,0.17438794687386738,0.376236444335472,0
501,0.10731752565154995,0.376236444335472,0
502,0.19717417007278326,0.37651590586697625,0
503,0.029547203257514476,0.37732340950560816,0
504,0.11047935386521013,0.3776769471728523,0
505,0.008612388939359339,0.37814028675715883,0
506,0.1496470415130683,0.37814097732346263,0
507,0.112591867593129,0.37985164760093015,0
508,0.034415355156086735,0.38040034497231845,0
509,0.013095508369143527,0.38109673020643764,0
510,0.14954898963164542,0.38180907913122575,0
511,0.07433810738970681,0.38200365052842666,0
512,0.34643474889862136,0.3821260579567285,0
513,0.1274888572151205,0.38254366511339877,0
514,0.24820764596728095,0.38267550327449773,0
515,0.1988902205685541,0.3827757102196927,0
516,0.32413014611167734,0.3834752349039212,0
517,0.22007055506242268,0.3834752349039212,0
518,0.026869581643186202,0.3836737016954067,0
519,0.14592084179634757,0.38400738755568364,0
520,0.17124635929616727,0.38415510913397577,0
521,0.04540377137739238,0.38432502704272076,0
522,0.15746623910334068,0.3847620377420876,0
523,0.06790822502175675,0.38533422037551734,0
524,0.04784270496841181,0.38560315505379883,0
525,0.03258171744321725,0.38564967475268896,0
526,0.17738328738949827,0.38571159611268035,0
527,0.037539004354489536,0.3860782665654221,0
528,0.071204569913348,0.386344868540213,0
529,0.05050512403703489,0.38662453094013915,0
530,0.32835137075456866,0.3868289737208268,0
531,0.018433280787129025,0.3870164455414754,0
532,0.039203420289298685,0.3872526464389272,0
533,0.19002962444953553,0.3872934242870486,0
534,0.0787733859261901,0.38735438256041954,0
535,0.07333290305547824,0.3876046458539223,0
536,0.10152126609705481,0.3879017474462788,0
537,0.10323397499926146,0.3879017474462788,0
538,0.1914866493656724,0.3885495259654048,0
539,0.26526975648665896,0.38856632206384534,0
540,0.007063589489862077,0.38992280128495627,0
541,0.015726708770895437,0.3902924660008603,0
542,0.3252366342760822,0.39081089057681573,0
543,0.05686774357448021,0.39121815404923155,0
544,0.22522813228047944,0.3914067557440176,0
545,0.041532631990372826,0.3915862335934108,0
546,0.0960155535025441,0.3920807510200186,0
547,0.07697996370063453,0.392451731436005,0
548,0.02720483426808118,0.3924520541913231,0
549,0.2737535365290782,0.3925038613944314,0
550,0.034329935829218505,0.3927652745452118,0
551,0.281141196362808,0.39417272022073946,0
552,0.08464769056131871,0.39428142608221595,0
553,0.09943694162120131,0.39429804461068396,0
554,0.013868471968907503,0.3943231719092999,0
555,0.2906290642163445,0.39471226151699,0
556,0.03310376928724745,0.3947379624600207,0
557,0.07359418789864791,0.39490866284620496,0
558,0.31954930573882,0.39503870333280966,0
559,0.17992904862494075,0.3950390562605869,0
560,0.10742615839015224,0.3950397455261143,0
561,0.24085042084839237,0.3952486906152568,0
562,0.054900795849033956,0.39615808173453615,0
563,0.24994853496043112,0.39631490229796096,0
564,0.024890119085929308,0.39631580551746526,0
565,0.04267569215545386,0.3963238834288241,0
566,0.05734495107037896,0.3965488331685195,0
567,0.3108448930557972,0.39665187726264384,0
568,0.1272990419719342,0.39716805669664534,0
569,0.03852482811378022,0.39721731955013984,0
570,0.24201332393046415,0.39765253310254,0
571,0.1947065887015368,0.398063134804963,0
572,0.04041240950881364,0.3985257899278084,0
573,0.2650925168268552,0.3985524068813049,0
574,0.24694873811620277,0.3986230018023481,0
575,0.08176313829090553,0.3993740967097986,0
576,0.08230024547559844,0.3994137926520197,0
577,0.07103117489894395,0.3996395624001957,0
578,0.24539615507393286,0.39991875688136935,0
579,0.08141018426696445,0.4000106194056582,0
580,0.135361548273912,0.4000950808772179,0
581,0.007824491825172752,0.4005021857823543,0
582,0.026428940649242172,0.4008207119686964,0
583,0.007584291812743338,0.4011734051576148,0
584,0.1584576127723738,0.4014785318539501,0
585,0.18153115581438717,0.4021656456001149,0
586,0.004894066821777621,0.40232896641755667,0
587,0.03482590355699566,0.4038291559434699,0
588,0.03498242948014507,0.403970789207041,0
589,0.3317671985720938,0.40403430081595515,0
590,0.022952606493059746,0.40449788011465715,0
591,0.3814645481297294,0.4048899977325424,0
592,0.059661480073248785,0.4057303667541021,0
593,0.0015444473358025013,0.40684602527034464,0
594,0.38523770641491073,0.40802435965743955,0
595,0.027655320037704767,0.40839152661076883,0
596,0.05211998706965293,0.4086811191422348,0
597,0.14282103162328452,0.4089052988611386,0
598,0.020836792773782364,0.41056913098064085,0
599,0.06430664911057937,0.4109864883346195,0
600,0.29395057630062416,0.4114125695627677,0
601,0.05751078069292659,0.41196971531607385,0
602,0.1413305648710278,0.412271934185075,0
603,0.01836431515262482,0.41284456382887913,0
604,0.02910267573572367,0.4131284005859872,0
605,0.03359090543565224,0.4131284005859872,0
606,0.02457202024840599,0.41317463139113286,0
607,0.16982604477611596,0.4135049773721212,0
608,0.015925240405972763,0.4135600499974258,0
609,0.27845603920877404,0.41358923784513346,0
610,0.08239751538545537,0.41373334675967,0
611,0.05167740247910502,0.41389719156995197,0
612,0.02201083145822358,0.41469765014170235,0
613,0.06811632752778018,0.41487867158947755,0
614,0.02324629255345234,0.41514792659787747,0
615,0.02396060782806031,0.4151821741960998,0
616,0.0024047946157577105,0.4155619964471339,0
617,0.0392015623351496,0.415731746814205,0
618,0.011050769466621424,0.4158351000538608,0
619,0.23942452621886656,0.4163480241676034,0
620,0.015281661009384329,0.41674589203854784,0
621,0.24597490770511354,0.41710974267132195,0
622,0.4093967910335209,0.4172044203224262,0
623,0.3043000128339147,0.4172122765896804,0
624,0.23669549112388388,0.41731997865527637,0
625,0.3847078941676131,0.417944558295716,0
626,0.08716540047260912,0.41799894775677116,0
627,0.03628152951230301,0.41822782297650307,0
628,0.21931297892284773,0.418929443954163,0
629,0.1292548256336693,0.41922782187521546,0
630,0.07692548124731091,0.4202977576013559,0
631,0.017423384364577688,0.42071525679201516,0
632,0.044189784944802524,0.4211152861473897,0
633,0.05792714414667932,0.42140748584518584,0
634,0.22807122461442408,0.42140748584518584,0
635,0.31931605080562997,0.42200448530863444,0
636,0.06923057217770112,0.42216927976694296,0
637,0.17065980307872264,0.4225836398702899,0
638,0.09638351661201605,0.4228551402384222,0
639,0.39991875688136935,0.42301863613394874,1
640,0.2937682311824663,0.4239756787987333,0
641,0.10582022672365854,0.42399684332700427,0
642,0.03391446088665795,0.4240564573333748,0
643,0.010234557762735186,0.4248402767006788,0
644,0.2050530476655017,0.4249324250255586,0
645,0.14301012636147703,0.42504055675554187,0
646,0.13289101601876496,0.42533396543556845,0
647,0.039900456973949505,0.42558301592504977,0
648,0.26067871025905764,0.42585286439815573,0
649,0.17535217586918794,0.4260345881714578,0
650,0.030580260356009692,0.4260515054512217,0
651,0.0632371524024562,0.4261012412210933,0
652,0.13018079706185404,0.4261216794593363,0
653,0.0011773107060214505,0.42621736927961584,0
654,0.021462549635417605,0.4269105498868695,0
655,0.014823866367243421,0.4269641083914113,0
656,0.28063993689616407,0.42700489201878333,0
657,0.05302826120566395,0.427384628956062,0
658,0.038284480018799694,0.4275622119977863,0
659,0.08746717475662558,0.4276951385765163,0
660,0.2103936000607377,0.42773346346168006,0
661,0.11821378177433717,0.42786808801518106,0
662,0.005434809600094681,0.428006805942189,0
663,0.1061989768291115,0.4281829088947433,0
664,0.07647964655904249,0.428247379910092,0
665,0.00895325359699295,0.4284501584531436,0
666,0.17595070831314352,0.4285637840960439,0
667,0.23803144487844308,0.42897044797699924,0
668,0.05368616456357178,0.42973956247187706,0
669,0.11081224539617285,0.429964170453885,0
670,0.039841172520871826,0.43029922296236245,0
671,0.03955036064709405,0.4305477778568948,0
672,0.011673407913409317,0.43063072879122,0
673,0.40064651169856913,0.4308161300408806,0
674,0.02511118381526567,0.43082976770688153,0
675,0.014990926031427154,0.4309372803947553,0
676,0.0784788062939561,0.4312962476788774,0
677,0.20608882569404763,0.4313323421019305,0
678,0.011280126721604167,0.4327939153434498,0
679,0.007513869833418396,0.4331896233648186,0
680,0.08094644559538966,0.4334349372691403,0
681,0.03757625420464339,0.43356496076092477,0
682,0.273144398742977,0.433632054736527,0
683,0.008504022338791661,0.43409281489015505,0
684,0.3482190202400083,0.43422971432248636,0
685,0.1774514655984578,0.4345148209624423,0
686,0.0016185854959033241,0.4345303787675635,0
687,0.14414388621694196,0.4355239098643998,0
688,0.24595345411536007,0.4356286358156587,0
689,0.17424945395049718,0.43569961466753726,0
690,0.27973057578987126,0.43569961466753726,0
691,0.006699185846040012,0.43595598671389924,0
692,0.03914775322515607,0.4360115662661145,0
693,0.05355002719150559,0.4373590329946534,0
694,0.01285610678939586,0.4376363836851266,0
695,0.42248899688185526,0.43857515411615466,0
696,0.1422047682467038,0.43905501697057836,0
697,0.12651292940229908,0.4402166379000163,0
698,0.0022286163528186798,0.440623582624149,0
699,0.10600438183045557,0.4407147901080849,0
700,0.1447235176624324,0.44074021331405844,0
701,0.02043110011498961,0.44086929084408655,0
702,0.028802329318025288,0.44104121455418377,0
703,0.09330550567140772,0.44146700843707487,0
704,0.10888644305484052,0.4422274656380739,0
705,0.022053009313796612,0.4423647378559997,0
706,0.1458986906166594,0.4434885368144995,0
707,0.286177971153751,0.4439066283112868,0
708,0.06865217013262293,0.44412438737593996,0
709,0.018555466289891243,0.44461629728912044,0
710,0.004200733505932752,0.4447282009366036,0
711,0.2633441586117322,0.4447282009366036,0
712,0.09777489338570944,0.44581882603259115,0
713,0.01246771968841276,0.4463111011148323,0
714,0.24077995202169467,0.4475343968706438,0
715,0.049290907235570613,0.4476713386819009,0
716,0.026605314249060763,0.44817538299297377,0
717,0.009586980956751368,0.44827057150095273,0
718,0.1750379986683266,0.4487738978717264,0
719,0.030166655147404464,0.448797228370048,0
720,0.03428778965079504,0.4494183401818064,0
721,0.01713972823074439,0.4495866941575496,0
722,0.01800380227166598,0.4496566389710336,0
723,0.08422767373874729,0.4499438276052832,0
724,0.035965200557535826,0.45116057550383726,0
725,0.005377325157384316,0.45250285189783424,0
726,0.4455909889039773,0.45250285189783424,0
727,0.3055427214638451,0.4532122290041769,0
728,0.0010624525927592776,0.45331351002401266,0
729,0.03159433261070821,0.45343529005096006,0
730,0.18058545158819206,0.4537048214411805,0
731,0.006379071659040503,0.4545836597159949,0
732,0.34548197817619963,0.4554770376453816,0
733,0.029043934500445068,0.455532955349805,0
734,0.4535174131656795,0.4557068388902302,1
735,0.06880045640101773,0.45639975230218166,0
736,0.2626509493000835,0.45744817838679885,0
737,0.03296627045498968,0.4575684814102511,0
738,0.010462373361725508,0.4577015077740537,0
739,0.016035975439522177,0.45781948128067806,0
740,0.3136515329556073,0.45926121902919304,0
741,0.36392782288890657,0.45926121902919304,0
742,0.3727110230412045,0.45942458175407186,0
743,0.26864867046582075,0.4594910150291053,0
744,0.04727391646685242,0.45954211450392335,0
745,0.08179206433151476,0.45961204646611087,0
746,0.005160453671867682,0.4602836509002576,0
747,0.005741132760282874,0.4605211748831657,0
748,0.24406004513164614,0.46059890779892143,0
749,0.03959873190708929,0.4609525736322967,0
750,0.35388802912954287,0.4609525736322967,0
751,0.03218980338947397,0.46157773746062847,0
752,0.055893971678742216,0.4618610565034057,0
753,0.059960810388099306,0.46192097244845454,0
754,0.016667805800420488,0.4623069053770582,0
755,0.002151730111530581,0.46235076108644124,0
756,0.0063401247813137385,0.4623657652972275,0
757,0.07090360938929974,0.46267023284318454,0
758,0.3308946320639734,0.46288283480589376,0
759,0.004800397180132809,0.46288283480589376,0
760,0.44578527769686216,0.4630031490730957,0
761,0.11979353619057476,0.46334458797100464,0
762,0.09852660833696925,0.4636727279397729,0
763,0.08017230020984856,0.46574820366990854,0
764,0.05400791433350338,0.4657754953018177,0
765,0.03228117723033386,0.46600641644861474,0
766,0.0029746583198277943,0.4660375067080288,0
767,0.04015460687811101,0.4663273387436252,0
768,0.014381018462923723,0.46646664665132564,0
769,0.00430845460375584,0.4674889016436554,0
770,0.013521087968876522,0.46755059395449583,0
771,0.02625303988801908,0.46845096821264054,0
772,0.019462145063663838,0.4685566957167915,0
773,0.45286521756747133,0.46945363345272073,0
774,0.03819035867289933,0.4697174147146078,0
775,0.025525920573921335,0.47000111148324986,0
776,0.18781790432208834,0.4700036772927457,0
777,0.46062200254640295,0.47016037499288466,0
778,0.012825582343052644,0.47084695827294887,0
779,0.08110895040446786,0.47084695827294887,0
780,0.0028755435670252405,0.4709641731268531,0
781,0.025493272237609332,0.47114285445215454,0
782,0.019937793534899884,0.4711713167219339,0
783,0.026339821773532335,0.47117468081844094,0
784,0.10936582881310997,0.4721123513188953,0
785,0.002807345076065504,0.47242153928964603,0
786,0.07566474000485446,0.4728961124979717,0
787,0.1329453558111663,0.4729942955943226,0
788,0.0018535393006587908,0.473079564222162,0
789,0.00396836243593901,0.4732394111924889,0
790,0.261107235766454,0.4732428084275083,0
791,0.08717589817367377,0.473496762224793,0
792,0.0019319271040566521,0.47355902742517386,0
793,0.015745562233862587,0.4741593913921289,0
794,0.36054601441351064,0.4744673663650165,0
795,0.009640133947207086,0.4744703212383513,0
796,0.4421397777019319,0.4745031127206638,1
797,0.1491497419622918,0.47465810467387437,0
798,0.035676844147153663,0.47485731234623774,0
799,0.00849590111829479,0.47517478594424223,0
800,0.045385151086004494,0.47522604870728546,0
801,0.0014102993886433435,0.4752341013232413,0
802,0.01604343809373454,0.4753756974008947,0
803,0.0709205880484014,0.4758885813679893,0
804,0.3289399245447966,0.4765099016043538,0
805,0.4349352583151861,0.4765401636545915,0
806,0.16595080822103447,0.47662213266818765,0
807,0.00297703005493688,0.47682289833420766,0
808,0.044602251392448,0.477500862977587,0
809,0.17878621606981826,0.47795797121709105,0
810,0.014738632669898832,0.4794967623384424,0
811,0.005041143586885011,0.47962823041859803,0
812,0.007054416625580928,0.47975398556734483,0
813,0.007809941545447674,0.4798670142331273,0
814,0.17073716944335293,0.4801477227393265,0
815,0.20619935600412576,0.48031299982830367,0
816,0.145634482741961,0.4805038780933859,0
817,0.0004240334057156181,0.4807416854532931,0
818,0.009610966170487178,0.4807694054149847,0
819,0.0731888307303129,0.48113562865577464,0
820,0.005222016587373535,0.48141273755467384,0
821,0.0015108659442880645,0.4814969985403955,0
822,0.016787243288199916,0.48223399565701974,0
823,0.23563696427983494,0.4822421188768131,0
824,0.07317941409569784,0.4831545722599283,0
825,0.2688483144119175,0.48457275357707463,0
826,0.022306779025990986,0.48460463961512756,0
827,0.03164142743088216,0.484954980874179,0
828,0.24566173287450022,0.48548321159203744,0
829,0.1686641495995429,0.4856849026385358,0
830,0.06697740183954837,0.4857427752117146,0
831,0.09620822018435182,0.4861140239610213,0
832,0.18011731449783352,0.4863004263231747,0
833,0.003846412296749313,0.4866060124689843,0
834,0.09192015065431325,0.48709913558981655,0
835,0.05000902178079414,0.4876315993316057,0
836,0.15584734117158694,0.4877976284271597,0
837,0.06198169854975233,0.48795009360649333,0
838,0.16151240872826367,0.48856995178301876,0
839,0.24753247238301745,0.4886228142779907,0
840,0.09845503545464018,0.4886228142779907,0
841,0.08131021015727913,0.48863279414383287,0
842,0.1802922803655158,0.48864642643457856,0
843,0.1074784011117288,0.4896646171569239,0
844,0.2976749613888754,0.4897315340164333,0
845,0.0553197588129658,0.48987103853147607,0
846,0.02985182366835437,0.49041847888711654,0
847,0.10647664245409472,0.4915223534235159,0
848,0.0002973184799617279,0.4916118241962478,0
849,0.03418675913514091,0.4916266560486333,0
850,0.16492381525011468,0.4920353935773406,0
851,0.015038451723462742,0.4928694163526318,0
852,0.2726352321543213,0.4935368456982513,0
853,0.002698505554881936,0.49393449103615716,0
854,0.0031515632840827257,0.4941101300170547,0
855,0.21945462189384313,0.4941507779226094,0
856,0.10737324318958041,0.4946304377042321,0
857,0.20782376645250467,0.4949078471470624,0
858,0.3285989829961776,0.49499053168514373,0
859,0.08890004428421594,0.4951640422155601,0
860,0.081229500725989,0.4957050356258891,0
861,0.08021444874490213,0.4961478744958192,0
862,0.26342097333763725,0.4969478697577343,0
863,0.00020826964238107593,0.49722301281941506,0
864,0.48900010650686354,0.4974390312990382,1
865,0.270571464692398,0.4979083772433004,0
866,0.014950454138160985,0.500294522796316,0
867,0.05457480546333915,0.5008420042260574,0
868,0.2889121821283559,0.5010762070766445,0
869,0.2211712528689299,0.5015642285198152,0
870,0.021061779908032152,0.5015642285198152,0
871,0.2877224761249898,0.5019128882385312,0
872,0.04465722404448291,0.5020891123073203,0
873,0.02001284776349399,0.5021021626186823,0
874,0.2622590568019031,0.5021626895936531,0
875,0.03583367806425397,0.5030898111202584,0
876,0.15719973953571909,0.5030907510853722,0
877,0.000607481949179145,0.5034762574771935,0
878,0.0009713703164055953,0.5044279725920211,0
879,0.04795504042428589,0.5055522536004322,0
880,0.10344604417693837,0.5057371946517043,0
881,0.07366508865893673,0.5059046818699768,0
882,0.4920353935773406,0.507731313209724,1
883,0.3061242325057212,0.5081439490796248,0
884,0.3721533197059169,0.5082760628934873,0
885,0.2075020753750071,0.5093635598174433,0
886,0.16160912444620978,0.5093635598174433,0
887,0.06042755656007037,0.5100324711650945,0
888,0.2197344782969889,0.5101087316817104,0
889,0.47927502908288155,0.5117376569849763,1
890,0.032116921282497435,0.5125833151677704,0
891,0.21169464829597362,0.5134162333565228,0
892,0.0703038712177908,0.5134162333565228,0
893,0.004374235480221533,0.5140215835714907,0
894,0.45326325073364215,0.5144847728655454,1
895,0.3751882596945759,0.5148020748799527,0
896,0.3623473463483682,0.5149398852182333,0
897,0.43743645646365703,0.5150857821373654,0
898,0.3087421225864708,0.5155118208996289,0
899,0.01459134069515422,0.5164985307357418,0
900,0.006440092187745328,0.5177775999139749,0
901,0.1374731233252805,0.5179498856499074,0
902,0.03977600460633346,0.5179498856499074,0
903,0.27859703218484944,0.5180981714198712,0
904,0.5102071290100028,0.5191140077528076,0
905,0.14918438661869993,0.5192309838301745,0
906,0.18771201314278663,0.519523686514918,0
907,0.430576294588478,0.5198451718074493,0
908,0.3352254085466577,0.5202104981501489,1
909,0.06364478548467234,0.5205355580357878,0
910,0.4872219656036384,0.521846274307791,1
911,0.028567428718207832,0.5234322206160613,0
912,0.0184108339257546,0.5234322206160613,0
913,0.3760011865099596,0.523500514531588,1
914,0.21232038918228135,0.5240728410151353,0
915,0.0052993721072296385,0.5262057807200545,0
916,0.27222634063547435,0.5275887937101051,0
917,0.001876538070299305,0.52801649599026,0
918,0.281867882395753,0.5289824385173117,0
919,0.1765285483185436,0.5294917702748057,0
920,0.5249129185667926,0.5306928427301189,0
921,0.11121082799585857,0.5318970531248067,0
922,0.3986238691560934,0.5320693064460554,0
923,0.019090997454704217,0.5322220167981788,0
924,0.3493333975438039,0.5335069027879976,0
925,0.4159829648041449,0.534548188125746,1
926,0.016047071589564643,0.5346477338150092,0
927,0.004428418358478847,0.5355000412392809,0
928,0.06390030068639752,0.5360238931373511,0
929,0.12315536761730894,0.5368665775178559,0
930,0.24862577312531098,0.538271013839576,0
931,0.017048828466363686,0.538339247203294,0
932,0.052560510290669216,0.5429535164976369,0
933,0.0986146918947588,0.5436147336882731,0
934,0.24302825832680597,0.5439716225370888,0
935,0.08357487468039582,0.5460000199082453,0
936,0.4697707848185221,0.5460752209986868,0
937,0.41765285633174054,0.5490174450717588,0
938,0.11674402816201479,0.5491189597283126,0
939,0.14313149196885455,0.5496342987097685,0
940,0.48636580317999045,0.5513914211607859,1
941,0.3101182563767705,0.5515351617378834,0
942,0.03305851945459981,0.5521478400733446,0
943,0.3408953977953538,0.5549522167310699,0
944,0.46030880751654,0.5593751644206628,0
945,0.061774817196163845,0.5618050682241043,0
946,0.5177775999139749,0.5638625493557317,1
947,0.12383558057562905,0.5643843955631775,0
948,0.011807071813399017,0.5664314380167893,0
949,0.039195295277122955,0.5670273391864893,0
950,0.5516267757876275,0.5682181080806109,1
951,0.04151598859996519,0.5690310129899403,0
952,0.06812073480573089,0.5695445589170327,0
953,0.11014218321674785,0.5695860571676802,0
954,0.026350244822093583,0.5698024870412706,0
955,0.141349650106383,0.5699622525991028,0
956,0.4746133978368907,0.5702079701962266,0
957,0.40257682013155827,0.5712365654498816,1
958,0.21301602457036228,0.5712498095992925,0
959,0.34168739491584244,0.571442301014397,0
960,0.4841645607654125,0.5737379817339029,1
961,0.05980969412007542,0.5757810126627294,0
962,0.03290535139833062,0.5774555813582969,0
963,0.5394490527688779,0.5776187404334635,1
964,0.5135115709298318,0.5782901079607828,1
965,0.05188428280768331,0.5786911031900198,0
966,0.43737827790079664,0.5817246536547891,1
967,0.5768619000281767,0.5830370259411517,1
968,0.12662767336951553,0.5837229729323885,0
969,0.5604625744956236,0.5847574023923373,0
970,0.06904643745086247,0.5855161372585793,0
971,0.012118767408436426,0.5862387297459074,0
972,0.02872329913268179,0.5900307482667396,0
973,0.0686127569160131,0.5905165308019636,0
974,0.45813963584922235,0.5919985854580491,0
975,0.26252118683325953,0.5923660568382862,0
976,0.42998766120336795,0.5925487707523924,1
977,0.5753309851907911,0.5940454724353584,0
978,0.1035421595564423,0.5954854284653467,0
979,0.3164340458627505,0.5957249655432322,0
980,0.011657507488252228,0.5974650591823333,0
981,0.04038249738669353,0.5989012430469672,0
982,0.5250580817966704,0.602675455012037,0
983,0.1654532126355448,0.6051134668072872,0
984,0.5365991718915228,0.60748806363266,1
985,0.04164471219834742,0.608436328351327,0
986,0.3080297323380795,0.6087196035696869,1
987,0.5795091267312513,0.6115753698443941,1
988,0.521873520620869,0.6139205142342442,1
989,0.23821204100539561,0.6144860329812792,0
990,0.45635738675660975,0.6149098663815402,1
991,0.013792922056842016,0.6157601754779194,0
992,0.5342134624344262,0.6165634436916191,0
993,0.611133060606898,0.6165806778147466,1
994,0.4141591738819119,0.6172963859041866,0
995,0.44811625449308656,0.6174639906638989,0
996,0.6133174442876164,0.619034469654872,1
997,0.5891277048514195,0.6210748524587656,1
998,0.1505099069560626,0.6212105417052384,0
999,0.6073091294738266,0.622402709098235,1
1000,0.6104018412051085,0.6229688309462346,1
1001,0.08383268625776186,0.6238905681872533,0
1002,0.04910932519396016,0.6242489092756845,0
1003,0.5984594368284306,0.6243386931437678,0
1004,0.6139521929028177,0.6246636409742261,1
1005,0.4790126647356009,0.6251484068799559,1
1006,0.5131723336836341,0.6252503099750972,1
1007,0.0533526813246874,0.6253613821945068,0
1008,0.4325159246331949,0.6256367784488766,1
1009,0.5060203556356263,0.6262304865757848,1
1010,0.6033889090336295,0.6303461480376458,1
1011,0.580293366736591,0.6310279520890539,1
1012,0.4984243768818566,0.6316837881857329,1
1013,0.6151248991014076,0.63285945568362,1
1014,0.5970685084189749,0.6335771171051862,1
1015,0.06029625462126176,0.6346910305214664,0
1016,0.605313393489998,0.6361143964259663,1
1017,0.43698671827494595,0.6366618299899657,1
1018,0.6302471195899018,0.6377879842434444,1
1019,0.4795000180987904,0.6378776764842728,1
1020,0.09054284876770735,0.6392759676843508,0
1021,0.2935356602581428,0.6429495552931349,0
1022,0.5491085815248931,0.6436028414883365,1
1023,0.1823185366381932,0.6462883852139165,0
1024,0.35848497662053147,0.6468509136488221,0
1025,0.017468268869075043,0.648098435044782,0
1026,0.41188449222477597,0.650197564533395,1
1027,0.4642991328561128,0.6503282411668416,1
1028,0.6234144462415397,0.6510666302617896,1
1029,0.4976344042271663,0.6516864123484345,1
1030,0.40874649828892384,0.6526207460804021,1
1031,0.18459652062976417,0.6528481976381726,0
1032,0.46752494900329844,0.6538704553168317,1
1033,0.19547760463840202,0.6556680138919563,0
1034,0.3461106413816246,0.6573789871919948,0
1035,0.6246012856315588,0.6588520606913456,1
1036,0.4396487396292478,0.6611688870518106,1
1037,0.6469871853682926,0.6629725188908764,1
1038,0.5289915926934463,0.6640815243575086,1
1039,0.5282223591302185,0.664785078246421,1
1040,0.6123894705532578,0.6649074663679325,1
1041,0.1806778731517904,0.6668903632212266,0
1042,0.6106927782315202,0.6682944912588545,1
1043,0.0038296858776423193,0.6684532036209154,0
1044,0.28522938401870135,0.6688330532358597,0
1045,0.5496261350504312,0.669362160734094,1
1046,0.6437294581278076,0.6698168579791631,1
1047,0.6134871637283472,0.6731575091852403,1
1048,0.2630940042439609,0.6733525057517513,0
1049,0.012375879257554012,0.673580746753328,0
1050,0.6223751766294663,0.6748751307001863,0
1051,0.5497646631744935,0.6751937932329047,1
1052,0.5498710352514367,0.6768718683997537,0
1053,0.08989448667127342,0.6769975902032214,0
1054,0.5268169823103074,0.678775872625878,1
1055,0.6605613036025328,0.6789951099843569,1
1056,0.0871655271578261,0.6790574776160838,0
1057,0.6212564936831307,0.6809915805447659,1
1058,0.6462094789151835,0.6811994553938401,1
1059,0.15714776556240595,0.6818229785958121,0
1060,0.4381408642071982,0.6828859071055311,1
1061,0.6783402831037674,0.6830863691726072,1
1062,0.348625101117373,0.6834945139173865,1
1063,0.6430552461826159,0.6840681941089339,1
1064,0.5065219691395111,0.6846123016362738,1
1065,0.5548109482548581,0.6853532950859744,1
1066,0.43691248090919943,0.6864765983803215,1
1067,0.628204854932253,0.6870834190580994,0
1068,0.6355096194410934,0.6904837573759586,1
1069,0.3473399296981341,0.6911050185759685,0
1070,0.36831640470659344,0.691893608025256,0
1071,0.015321619994192348,0.6923876330223693,0
1072,0.6697800224583697,0.6926268619278605,1
1073,0.6479847849264273,0.6940995548768973,1
1074,0.6346878173127907,0.6952467974108961,1
1075,0.5322604890173949,0.6956106019670371,1
1076,0.5958598916422789,0.6962057280087401,1
1077,0.17973257968167056,0.6966481674685157,0
1078,0.6716240285090942,0.6975852663934253,1
1079,0.5132085333916987,0.698125076041222,1
1080,0.5369536555543469,0.6983533868178354,1
1081,0.6426006690089274,0.7003008066280721,1
1082,0.6003517340060716,0.7017899025709045,1
1083,0.5327770700334,0.7020774025892571,1
1084,0.6669571241117092,0.704113899660847,1
1085,0.6172019500897428,0.7056697849414244,1
1086,0.39101269243358683,0.7065335952835228,1
1087,0.5851797752627914,0.7067252649574601,1
1088,0.4821967261436553,0.708598508297234,0
1089,0.6471990186722507,0.7089410478520803,1
1090,0.4754160613943269,0.7099301565234021,1
1091,0.2952770510787591,0.7120566372048936,0
1092,0.6101322049117653,0.7128313365551721,1
1093,0.7125489902546672,0.7139234518123325,1
1094,0.5202339952636225,0.7154557045261034,1
1095,0.5923479597760996,0.716761338255847,1
1096,0.6723905201500718,0.7177379252437769,1
1097,0.6030115262772443,0.7189551329497854,1
1098,0.6442086302923759,0.7198995714223677,1
1099,0.4992597254397433,0.7206187340554894,1
1100,0.7097317354039276,0.7214963610514173,1
1101,0.645937767438724,0.7221596404467157,1
1102,0.6201775090244988,0.7238651114313919,1
1103,0.6862650275806642,0.7238796357431946,1
1104,0.7237090035344218,0.7253382509732904,1
1105,0.6038890443687333,0.7265837221606166,1
1106,0.11053339315209776,0.7270298762044608,0
1107,0.5691507659535855,0.7277771574423466,1
1108,0.7037909837520743,0.7281586803700456,1
1109,0.5842160509242966,0.728860944044083,1
1110,0.5020378251428551,0.7293446478417769,1
1111,0.07543928070665973,0.7308488175226273,0
1112,0.5243265892833787,0.7310279016706965,1
1113,0.7160266806783787,0.7312901355055341,1
1114,0.538271013839576,0.7315898407851414,1
1115,0.714004510154849,0.731958278052732,1
1116,0.6848447984914033,0.732008423279649,1
1117,0.7056295364787584,0.7322850681848591,1
1118,0.6541106427394878,0.7323382275179517,1
1119,0.570465776971301,0.7329174132121377,1
1120,0.6708871942349954,0.734601736162073,1
1121,0.6112296898306034,0.7346994004869642,1
1122,0.6821556904829493,0.7361622714912698,1
1123,0.5014126030721628,0.7364562395531128,1
1124,0.7060151058190165,0.7366209669339553,1
1125,0.7149266345808831,0.739549308989471,1
1126,0.6726998136338191,0.7398027588124377,1
1127,0.5583198399140308,0.74049158851285,1
1128,0.6919891728266168,0.7410378509943627,1
1129,0.5623772714972103,0.7415104667441064,1
1130,0.7332255482357416,0.7428690957876358,1
1131,0.6838032716268354,0.7430927696013295,1
1132,0.45822740315325405,0.7431615394365506,1
1133,0.7058723934529966,0.7431988456406715,1
1134,0.6098672517811833,0.7468490245461481,1
1135,0.609069215953098,0.747201084515022,1
1136,0.5938606854908419,0.7486204292657941,1
1137,0.537919033920173,0.7491602037212953,1
1138,0.5679510524707819,0.7494478675176476,1
1139,0.6318605084270839,0.7506611168776468,1
1140,0.7433060651470917,0.7533572754591276,1
1141,0.4998093617845262,0.7538407890138688,1
1142,0.7357872759170401,0.7541099159916416,1
1143,0.6539684247404312,0.7541502339557601,1
1144,0.47631401442490584,0.7552753119670258,1
1145,0.34315450678255177,0.7555403367495757,1
1146,0.4146791371675176,0.7559840199668647,1
1147,0.5581683735794927,0.7568237501616272,1
1148,0.7422792873193146,0.7571054548074051,1
1149,0.640862697093194,0.7587965398083824,1
1150,0.7140754809005215,0.7588321548051871,1
1151,0.5648478788850001,0.7589670828674512,1
1152,0.668502837683443,0.7592875011456705,1
1153,0.6745580791289087,0.7593291384342602,1
1154,0.6661057396418556,0.7606307864154996,1
1155,0.6132763158163066,0.7609512827913392,1
1156,0.46967952846435035,0.7609752807136151,1
1157,0.5729842139672982,0.762248388910711,1
1158,0.5240728410151353,0.7635089045129665,1
1159,0.5301824382414039,0.7639613837204338,1
1160,0.46279755802252076,0.7645129227801848,1
1161,0.5182396353803213,0.7648634058748681,1
1162,0.7547141605693977,0.7649019749608374,1
1163,0.6843356593327877,0.7655677951859766,1
1164,0.7122136311197238,0.767349303646132,1
1165,0.6032675708041441,0.7675325875077466,1
1166,0.58243607010743,0.7685499729233297,1
1167,0.7353032707045685,0.7689430461649011,1
1168,0.7225091295297665,0.7702804000411236,1
1169,0.7495528525125992,0.7708336972192534,1
1170,0.6468656428002746,0.771605812691708,1
1171,0.7376276539377763,0.7720855316917028,1
1172,0.7100450684190612,0.7723868255209801,1
1173,0.38040034497231845,0.773269270740873,1
1174,0.7251406394510113,0.7733812722329213,1
1175,0.7683793382151932,0.7742366050893005,1
1176,0.47829795972353173,0.7757314824220075,1
1177,0.6491502082982178,0.7766763806168138,1
1178,0.7581953627155383,0.7770104530955724,1
1179,0.6529054966092767,0.7773385968470627,1
1180,0.7111600924954294,0.7779013062555228,1
1181,0.5669936401967595,0.778126074382326,1
1182,0.6418232028850972,0.7783911823139752,1
1183,0.5357535266279508,0.7786362200630115,1
1184,0.5110909263825416,0.7792379846914624,1
1185,0.7215688626236292,0.7795964297807424,1
1186,0.5958434056574088,0.7797301786746726,1
1187,0.7401444801157583,0.7802467972510685,1
1188,0.776294121917471,0.7822435867347809,1
1189,0.6920206918789166,0.7828566455903114,1
1190,0.47321884390210867,0.7850173520310193,1
1191,0.5971744389254454,0.7850598526447325,1
1192,0.769799737960997,0.7853869423235181,1
1193,0.7741952089696431,0.7854689795188996,1
1194,0.7211329699949675,0.7866436775153149,1
1195,0.7345702103667751,0.7874395635071153,1
1196,0.6891484598561115,0.788620969287309,1
1197,0.42425366223376093,0.7896121138353884,1
1198,0.5801000688543794,0.789784529243184,1
1199,0.7648710132484277,0.7906894505646994,1
1200,0.7809845259121165,0.7911188230902627,1
1201,0.3306632358621997,0.7914532188648574,1
1202,0.6888136357500446,0.7919664594360272,1
1203,0.6606959115837515,0.7930292354519392,1
1204,0.5202339952636225,0.7940171569412277,1
1205,0.440623582624149,0.7947442681016789,1
1206,0.428566581717315,0.7957317041894151,1
1207,0.7944415399106283,0.7958685667312775,1
1208,0.4711713167219339,0.7960044734828386,1
1209,0.6909168867454055,0.797482445647925,1
1210,0.6588359815810687,0.7989784566305267,1
1211,0.3753913538352197,0.8004293655441791,1
1212,0.6384607699265104,0.800877696942205,1
1213,0.5667558117837234,0.8011065967121793,1
1214,0.6087818794482001,0.8014595019017103,1
1215,0.5177126008799656,0.801634990180562,1
1216,0.7068928280230282,0.8029526888404508,1
1217,0.5512162712310987,0.8030457062953055,1
1218,0.8015666832753009,0.8032951616719128,1
1219,0.73179638367132,0.8042879097134147,1
1220,0.6103617393047343,0.8046004819590856,1
1221,0.5768619000281767,0.8051072794265649,1
1222,0.6094473972072405,0.8051294350298772,1
1223,0.497158214582218,0.8051395703078805,1
1224,0.556647262238736,0.8052358803545587,1
1225,0.7763501550658463,0.8055044987645618,1
1226,0.5932378564137735,0.8055235811577189,1
1227,0.6147642948221167,0.8056560588510644,1
1228,0.5732240695426183,0.8057560982481436,1
1229,0.5426095385768399,0.8058227251745443,1
1230,0.7376276539377763,0.8066912874726045,1
1231,0.4334349372691403,0.8068526576344772,1
1232,0.7036354402779658,0.8070619325410484,1
1233,0.789353137278766,0.8076731660340116,1
1234,0.7174197538870831,0.807706646275339,1
1235,0.7129469103539876,0.808388409005147,1
1236,0.4892429983083366,0.8090164644167698,1
1237,0.7468581672329984,0.8091818834738141,1
1238,0.6160642399209427,0.8106949519846485,1
1239,0.5767678170612163,0.8111142787410737,1
1240,0.7048895201496934,0.812123294871105,1
1241,0.6930156440167906,0.812323644997292,1
1242,0.5123571013535233,0.8133669355591209,1
1243,0.5431825533489516,0.8135600833286178,1
1244,0.46116383712113684,0.8153330856949966,1
1245,0.7582079762019406,0.8153981499510725,1
1246,0.5928216426648127,0.8155990151657784,1
1247,0.7630764149437311,0.8156103552809224,1
1248,0.5627927005404767,0.8158553651436904,1
1249,0.5252952273553837,0.8166693864210698,1
1250,0.5986051289149322,0.8181499721030713,1
1251,0.6469871853682926,0.8187578528449357,1
1252,0.7267599839921806,0.8188128250374992,1
1253,0.4708843802771101,0.8189620643342834,1
1254,0.7251110210885551,0.8203534168531403,1
1255,0.7052170079574229,0.8212271025079844,1
1256,0.6398269298094056,0.8221026091799257,1
1257,0.6790985681413386,0.8223259050047592,1
1258,0.7625963446281727,0.8223799515442967,1
1259,0.649446729265531,0.8230944360046354,1
1260,0.7361221752049236,0.8240430504464386,1
1261,0.8172846323999262,0.8242309002181228,1
1262,0.7422900326770555,0.8252892339521413,1
1263,0.59695030667226,0.82627419213451,1
1264,0.734946626833867,0.8273141226115283,1
1265,0.6773782422556395,0.8280268752702358,1
1266,0.7913366094292387,0.8285918998727128,1
1267,0.7499660336570951,0.828658757516477,1
1268,0.7048755181217259,0.8287202066961182,1
1269,0.742065060401513,0.8297281017703532,1
1270,0.7968588907067683,0.8297969001316018,1
1271,0.8097855036732096,0.8307207721411801,1
1272,0.7645568121880986,0.8309543331610588,1
1273,0.7422971942080954,0.8309997703610664,1
1274,0.375726390462385,0.8311087098603444,1
1275,0.8128690706304201,0.8315877314686666,1
1276,0.6157313764971234,0.8316009164651805,1
1277,0.45999069498772194,0.8319349946171262,1
1278,0.6710911674591747,0.8319393320343569,1
1279,0.8287251874283786,0.8321569130619835,1
1280,0.5914792452118142,0.8322290639421884,1
1281,0.5126397102983165,0.8322672373708235,1
1282,0.6933279783763919,0.832547276208866,1
1283,0.6933347038995081,0.8332672703020725,1
1284,0.3819323489501575,0.833707021107916,1
1285,0.49909194128269585,0.8338635201161376,1
1286,0.7920933016860124,0.8339894560154947,1
1287,0.4613655581609132,0.8341159479485007,1
1288,0.7861257176297588,0.8341172032595483,1
1289,0.6891162948112668,0.8347949771874262,1
1290,0.5795615550282958,0.8351368188983079,1
1291,0.7824057729396448,0.8354556347903718,1
1292,0.7195485694639656,0.8355353804126799,1
1293,0.54436740454721,0.8356032908843232,1
1294,0.8016044212751583,0.8362518771418251,1
1295,0.6367691826906045,0.8368882491815398,1
1296,0.6695555568025964,0.8373379914647321,1
1297,0.7942100150645238,0.8374525262218473,1
1298,0.6061043786845534,0.837468249428209,1
1299,0.5890384339998008,0.8379689775113416,1
1300,0.7603438442354461,0.8384845096568174,1
1301,0.8032378405927367,0.8385914497688411,1
1302,0.6341278914259902,0.8387060377422171,1
1303,0.4750150641662635,0.8393542230545193,1
1304,0.6783270679921285,0.8399797407405676,1
1305,0.7094463483092095,0.840116862320911,1
1306,0.6917998734900643,0.8406093056400087,1
1307,0.775933852288737,0.8407199281558385,1
1308,0.7515780967837271,0.840740614234043,1
1309,0.8347645616311942,0.840787205760508,1
1310,0.5842083997443013,0.8412231690485643,1
1311,0.698988416728264,0.8415934185654101,1
1312,0.7958958515178381,0.8421555286723585,1
1313,0.7274201723186167,0.8421784905697314,1
1314,0.5422383210048392,0.8424791289354715,1
1315,0.3204425091506221,0.8426497324269372,1
1316,0.8315998395815976,0.8426520804154224,1
1317,0.7010848248736855,0.8427263136702512,1
1318,0.6531945841136825,0.8429119923982847,1
1319,0.49373504758496767,0.8430843193374201,1
1320,0.5736647238275224,0.8433128264962292,1
1321,0.739509349301984,0.8439861150517164,1
1322,0.653588172293091,0.8440266020388002,1
1323,0.8360108468078846,0.8441009172648356,1
1324,0.6623380282783832,0.8447171192838323,1
1325,0.7626658735287376,0.8448728718343856,1
1326,0.7731071388268808,0.8451709400092476,1
1327,0.6618474079275517,0.8451958576845092,1
1328,0.6466139756253558,0.8454573482149768,1
1329,0.6104021207362353,0.8455992074181707,1
1330,0.5982149756908801,0.8458330356021035,1
1331,0.6425765155564181,0.847127139345961,1
1332,0.6646760577452785,0.8476696084308352,1
1333,0.7452453558697645,0.8484073106258133,1
1334,0.7723107908989952,0.8487167382658475,1
1335,0.8129101131403113,0.8492604721912904,1
1336,0.6764201785894474,0.8500742763525927,1
1337,0.6834893716629709,0.8502834659168189,1
1338,0.6168423239144719,0.8506792530815326,1
1339,0.6108844384336711,0.8508980973639988,1
1340,0.6816706796761673,0.8511553253026715,1
1341,0.8133594232816677,0.8522188838274105,1
1342,0.7496613227151486,0.8523487101246539,1
1343,0.455532955349805,0.8529281369666994,1
1344,0.5128203381151145,0.8530139641920192,1
1345,0.7953005259137866,0.8531409460756626,1
1346,0.4537048214411805,0.8534831990413837,1
1347,0.7068928280230282,0.8540654797896978,1
1348,0.6969096005019423,0.8547288538742144,1
1349,0.6308219160844925,0.8548507729223422,1
1350,0.6052879054673851,0.8557708824031302,1
1351,0.7305818256716683,0.8560041839823551,1
1352,0.5436732757205541,0.8562265532536064,1
1353,0.6196525775315868,0.8563425839211608,1
1354,0.4267076640727562,0.85637970961758,1
1355,0.6440368047145862,0.8564334893460528,1
1356,0.5266792372124581,0.8577695742172589,1
1357,0.7363281926176855,0.8577697350481802,1
1358,0.6383967282861306,0.8583005652012135,1
1359,0.45129005777044173,0.8584320125463621,1
1360,0.8320066292324017,0.8586861712577571,1
1361,0.7161992976375352,0.8588671291178088,1
1362,0.5861601464868106,0.8590771018452393,1
1363,0.7718942536707682,0.8590838804221872,1
1364,0.5900691290140019,0.8593479349354305,1
1365,0.38778463200344027,0.860077313311755,1
1366,0.6171583572764496,0.8600912375745839,1
1367,0.501288259800908,0.8603371606680872,1
1368,0.8325411121292042,0.8605195702381139,1
1369,0.7641927268192567,0.8617493461493099,1
1370,0.8299423653699358,0.8622341290182947,1
1371,0.664665172403247,0.8636669450321248,1
1372,0.7736341139191963,0.8644717291712792,1
1373,0.6907470501297119,0.8652763388141936,1
1374,0.8325013191427493,0.8655560767122445,1
1375,0.7360015399948893,0.865682571404043,1
1376,0.681140319014286,0.8663013356471585,1
1377,0.6803152328998427,0.8664053249787546,1
1378,0.5166693824349845,0.8668553625114034,1
1379,0.7734934028386047,0.8668737033439999,1
1380,0.5418138106778977,0.8669052348724554,1
1381,0.5024463443468451,0.8673212380811023,1
1382,0.7095430177978048,0.8676434265216837,1
1383,0.5851797752627914,0.8679137673692227,1
1384,0.776140228389219,0.8681723143641034,1
1385,0.7156940326543236,0.8683124521135354,1
1386,0.7671645609097318,0.8686810863510576,1
1387,0.39051994064759177,0.8688084771057205,1
1388,0.4788779621074486,0.868899225970287,1
1389,0.6889760670302556,0.8690416128862615,1
1390,0.5057242239978627,0.8693765628507093,1
1391,0.7877788653433382,0.8694621320759868,1
1392,0.41649628626095303,0.869519446205691,1
1393,0.819546863739292,0.8696927648105731,1
1394,0.8045962968795254,0.8701410405886287,1
1395,0.4691314084310314,0.8701738760846081,1
1396,0.7373031314287835,0.8704099733066943,1
1397,0.5630599830954307,0.870765423604059,1
1398,0.7884869128993542,0.870918326640596,1
1399,0.5687864895925735,0.8709908899852484,1
1400,0.5498331644646152,0.8720031999087065,1
1401,0.848166569927319,0.8723570145153955,1
1402,0.7289341307544822,0.8732741111938396,1
1403,0.7565207999089528,0.8735085125051553,1
1404,0.8207057288341236,0.8735877902675178,1
1405,0.6333790486652289,0.8737003171414431,1
1406,0.7788545494955313,0.8737964375544304,1
1407,0.5378433115451239,0.8742642847572886,1
1408,0.7204672390630373,0.8743154581168364,1
1409,0.5880161950378112,0.8747908482411078,1
1410,0.850587450397921,0.8750313919356161,1
1411,0.8282056305209776,0.8753567335860944,1
1412,0.8394628911060114,0.8761953358635096,1
1413,0.4895812076508962,0.8768071700198786,1
1414,0.8327328862241632,0.8770175856574494,1
1415,0.7431044202512156,0.8771593571477697,1
1416,0.42973956247187706,0.8773126721612272,1
1417,0.8298414435385543,0.877412105733135,1
1418,0.4917443849683838,0.877794538018552,1
1419,0.838819752375668,0.8782971193215403,1
1420,0.699896687364574,0.8783265766917183,1
1421,0.8336456613730869,0.8791578596882982,1
1422,0.7892390287488734,0.8792122973235094,1
1423,0.5896378964418806,0.879778749002354,1
1424,0.5575611467113104,0.8799983239651032,1
1425,0.8415999696881991,0.8800613959683555,1
1426,0.8366733306885542,0.8802333173666892,1
1427,0.6439515125983032,0.8803382995578789,1
1428,0.8359621052742128,0.8805303707152247,1
1429,0.7932330503867896,0.8806531646874238,1
1430,0.6165181399853842,0.8810114331546905,1
1431,0.7292718924507963,0.8811134725116566,1
1432,0.622468377928532,0.881262532022294,1
1433,0.4218754800355229,0.8818351923168664,1
1434,0.7250087283212593,0.8820270863044346,1
1435,0.537919033920173,0.8823427816632665,1
1436,0.7611102125610962,0.8824362488789712,1
1437,0.7061045791576982,0.8828332346673535,1
1438,0.6902086695751074,0.8829199117325219,1
1439,0.6287504069646314,0.882979217243617,1
1440,0.7592011993980338,0.8832434855446502,1
1441,0.5841100496551986,0.883371738654827,1
1442,0.6161554402986515,0.883742021118463,1
1443,0.5898451671784767,0.884076512781738,1
1444,0.8525558618785315,0.8844397468311702,1
1445,0.5740865064970009,0.8849174522542581,1
1446,0.2853360644228715,0.884974589586409,1
1447,0.7120566372048936,0.8849784348082981,1
1448,0.8718152374420568,0.885472061396452,1
1449,0.6550153913197035,0.8856610919271274,1
1450,0.6241985087657579,0.8865197178140276,1
1451,0.5332818896053241,0.8865966136625933,1
1452,0.8333374371093124,0.8868657161914838,1
1453,0.6941083464527243,0.8872836471110902,1
1454,0.7812147128826498,0.8874240084553049,1
1455,0.5464858964578587,0.8876847590857384,1
1456,0.7234539240314775,0.8878301406790331,1
1457,0.6037520965078089,0.888356334656196,1
1458,0.34616133634905577,0.8884335193170022,1
1459,0.6557923371700449,0.8884832381979443,1
1460,0.6692179107204353,0.8890739486253255,1
1461,0.7453654575175721,0.8895931625633,1
1462,0.5837229729323885,0.8898963789500688,1
1463,0.7824180272825345,0.8900447566365726,1
1464,0.7757842298821069,0.8901588510167779,1
1465,0.7496613227151486,0.8903673037892433,1
1466,0.769535557686671,0.8914146133582767,1
1467,0.6868744488424916,0.8915726158909575,1
1468,0.87329559497662,0.8923658608109739,1
1469,0.741492786116467,0.8924107840288719,1
1470,0.7084395039914313,0.8926247580844991,1
1471,0.6898882089750875,0.8929337423132279,1
1472,0.8084117556457744,0.8933237922987017,1
1473,0.46522999657339836,0.8934168429966847,1
1474,0.6923595288952844,0.8934785216124829,1
1475,0.6669635266744934,0.8937951938202277,1
1476,0.699896687364574,0.8938764536865068,1
1477,0.5379783258286523,0.8939858879086542,1
1478,0.7032204643735558,0.894024572242627,1
1479,0.8833622583054814,0.8944348824853302,1
1480,0.7525210529517371,0.8947906277863855,1
1481,0.7576880889301787,0.8949579774864369,1
1482,0.5844629214290573,0.8950435845766727,1
1483,0.6202341308618934,0.8957352941384369,1
1484,0.829540533546798,0.8959820976591888,1
1485,0.6123894705532578,0.8961969392450081,1
1486,0.777001746794951,0.8964242844511318,1
1487,0.8176046351184937,0.8966945431914279,1
1488,0.3725487979822979,0.8970837245544558,1
1489,0.7013688474818028,0.897216902661123,1
1490,0.8416599609743026,0.8974345117474208,1
1491,0.6194562897968124,0.8974450306914122,1
1492,0.7161992976375352,0.8978003171211795,1
1493,0.7611320804471449,0.8980158660661964,1
1494,0.3726132865328572,0.89805620306058,1
1495,0.4053721806131845,0.8981797651809621,1
1496,0.6163845343168073,0.8981851081169744,1
1497,0.6444113117013518,0.8985494392839395,1
1498,0.4740210268458952,0.8988813145049631,1
1499,0.6552809546865789,0.8990657113643755,1
1500,0.7252887510127469,0.899603571380827,1
1501,0.754403759091757,0.9002219636385111,1
1502,0.8356788310842364,0.9002262937676002,1
1503,0.791726698403312,0.9003275592608573,1
1504,0.7401727204394534,0.9006629800134414,1
1505,0.681140319014286,0.9008256782922238,1
1506,0.7845384885348338,0.9011736124811213,1
1507,0.7722130451859246,0.9016782603957391,1
1508,0.5155056241107909,0.9026936053149305,1
1509,0.664154162328622,0.903166879582031,1
1510,0.704954126788874,0.9035880578207459,1
1511,0.795812298558225,0.9036607573393273,1
1512,0.6290498729742706,0.9042111369868857,1
1513,0.7968588907067683,0.9043070315309326,1
1514,0.6857656913205232,0.9043786081239262,1
1515,0.5747767095612053,0.9045326507970884,1
1516,0.620988159631662,0.9047069585427303,1
1517,0.8596457792586055,0.9050384240283824,1
1518,0.6351113491414233,0.9051655255232861,1
1519,0.6780499531512004,0.9059766108673238,1
1520,0.8005033193023148,0.9067758326717894,1
1521,0.46116383712113684,0.9072941786173117,1
1522,0.7152308888385357,0.9075698040457502,1
1523,0.8874318900052637,0.9079375401428847,1
1524,0.7089342080864254,0.9082177535525825,1
1525,0.5551044825571861,0.9084435203549168,1
1526,0.5506145270533434,0.9085653491839147,1
1527,0.8698665936577105,0.9092115861249066,1
1528,0.6662554352602742,0.909708194937539,1
1529,0.8876000524867512,0.9098497874391892,1
1530,0.5622253950987351,0.9107258298513337,1
1531,0.681081489139063,0.910825243864534,1
1532,0.8660892845042716,0.911059306483536,1
1533,0.5728465904006917,0.9111494276561113,1
1534,0.7741952089696431,0.9113389297752267,1
1535,0.6790574776160838,0.9114547706568288,1
1536,0.4604245340304626,0.9117682951590259,1
1537,0.6112223519693116,0.91265220438933,1
1538,0.6688330532358597,0.9126997041519598,1
1539,0.6557858912786245,0.9128628903940496,1
1540,0.7066414724063488,0.9128902332098532,1
1541,0.45527581426433006,0.9130478941227029,1
1542,0.6541536670480195,0.9132228454848773,1
1543,0.7490096318202992,0.9132492683601229,1
1544,0.45795760502244665,0.913610189006577,1
1545,0.7498828213696864,0.9136962872570399,1
1546,0.608259052206721,0.9138638056511006,1
1547,0.6848768651064479,0.9142045415446632,1
1548,0.7032204643735558,0.9143795878358625,1
1549,0.7837839626835177,0.9150248346443067,1
1550,0.4552965226648028,0.9150770816085527,1
1551,0.6030004870336068,0.9151888597489011,1
1552,0.6352953033316954,0.9154120295794851,1
1553,0.5160790365164988,0.9155105516874137,1
1554,0.5433849915836075,0.9157952555813121,1
1555,0.666173989272638,0.9166416746541224,1
1556,0.5576952466992094,0.9167047424465501,1
1557,0.6248254215948407,0.9167382882965232,1
1558,0.6839652746074174,0.9167897406583381,1
1559,0.8193724802353046,0.9174756380720692,1
1560,0.8811716196641183,0.9176266166502841,1
1561,0.6657563222049901,0.9177718875493238,1
1562,0.8862410343307431,0.9178935495004804,1
1563,0.6980437906586635,0.9179318512426686,1
1564,0.5363090684738303,0.9179892444346156,1
1565,0.6536690337561382,0.9180405482682845,1
1566,0.7225803651990141,0.9185412397783481,1
1567,0.5240029943647323,0.918635912405182,1
1568,0.536944665580622,0.9187400214220055,1
1569,0.5796500481202947,0.9195231044964551,1
1570,0.6049352883326734,0.9195487558764548,1
1571,0.8557440454198522,0.919586841692549,1
1572,0.7289111884964604,0.9199777448559757,1
1573,0.7577530765582291,0.9200034844245808,1
1574,0.638157154417106,0.9203949136607888,1
1575,0.49988513077513186,0.9205209679232619,1
1576,0.6960282264533257,0.9211598111927387,1
1577,0.6178605093477911,0.9212008477289154,1
1578,0.5767317626611698,0.9213433852838051,1
1579,0.6601083445982339,0.9215760115838645,1
1580,0.9080244475623448,0.9218461465978521,1
1581,0.6451896281395114,0.9220070474884495,1
1582,0.7198131501970263,0.9221011285096606,1
1583,0.7727160457141917,0.9223036024253959,1
1584,0.7723129997483892,0.9223429305903038,1
1585,0.7276828906748694,0.9225515535298625,1
1586,0.5081880357325389,0.9229868799662249,1
1587,0.5893651196893829,0.9233753691019366,1
1588,0.8430103251853772,0.9235996676183865,1
1589,0.5171915824736136,0.9238695773768515,1
1590,0.8000087416194954,0.9243462425976036,1
1591,0.4554770376453816,0.9243588128446162,1
1592,0.6604224766307683,0.9247288469728941,1
1593,0.8097673404413265,0.9247581302697289,1
1594,0.7235500849815005,0.9255224144774298,1
1595,0.7498451029200827,0.9256601732350046,1
1596,0.5154257509273984,0.9259500088398382,1
1597,0.596615297160944,0.9263069702612341,1
1598,0.3872748316956903,0.926422964058352,1
1599,0.7142606488632851,0.9267952059922715,1
1600,0.7948670752715805,0.9268756772031933,1
1601,0.7823561324530321,0.9271970120791658,1
1602,0.8789803374705474,0.9278057498666284,1
1603,0.7953199131865691,0.9279435336212524,1
1604,0.7166707740161609,0.9281587071812437,1
1605,0.7251110210885551,0.9282161904681555,1
1606,0.5590906782413954,0.928516104432179,1
1607,0.7895401912002068,0.928624726258386,1
1608,0.9265867066932639,0.9288225301052655,1
1609,0.7345293636180114,0.9290386459869086,1
1610,0.6728670081885703,0.9295253625997077,1
1611,0.5792434121813654,0.9297856629953314,1
1612,0.7789166556638956,0.9298977281138755,1
1613,0.5206489926362973,0.9299748785337202,1
1614,0.5837658591468018,0.9300001104214862,1
1615,0.5753920946010895,0.930137475765586,1
1616,0.6841288705913348,0.9304170490868834,1
1617,0.7318805844992118,0.9304178546504939,1
1618,0.7441734948044558,0.9305523716382991,1
1619,0.555617084051185,0.9308411426563864,1
1620,0.6636489248498645,0.9312592332177912,1
1621,0.8275456578168933,0.931292398082257,1
1622,0.5055140857403664,0.9315645588503362,1
1623,0.6884050024711804,0.9318251228079202,1
1624,0.6798960045154885,0.9318471867148814,1
1625,0.5834175151648319,0.9318548360231541,1
1626,0.5130530505574284,0.9321193150683006,1
1627,0.8164376096941469,0.9324659279763702,1
1628,0.7214864307850513,0.9326243598698074,1
1629,0.7333718593515001,0.9327255405976713,1
1630,0.6050000361646982,0.9331646950471016,1
1631,0.5640433515251517,0.9335183760331325,1
1632,0.5369324587513067,0.9335740728673196,1
1633,0.6552809546865789,0.9340540719314575,1
1634,0.6450808218528542,0.9341374500296001,1
1635,0.7384973179358895,0.9343094231545236,1
1636,0.6195314792169457,0.9347880832202016,1
1637,0.632947360470043,0.9348528795296506,1
1638,0.7702379580183205,0.9348672067953667,1
1639,0.623851550530406,0.9349858959693989,1
1640,0.8030099950976889,0.9349930906591867,1
1641,0.9116771846508883,0.9351159464079143,1
1642,0.7043747381425632,0.9353005980623506,1
1643,0.4916266560486333,0.9353660945938918,1
1644,0.9201800419695194,0.935377678676786,1
1645,0.6872046020645302,0.9354067736474276,1
1646,0.7849502606045075,0.9358175846013072,1
1647,0.7970560516646861,0.9358676016917142,1
1648,0.5732240695426183,0.9359623704689544,1
1649,0.926185376583404,0.9361397676165486,1
1650,0.7297420085622665,0.9365095308591987,1
1651,0.6195314792169457,0.9365354421678889,1
1652,0.6531717800928785,0.9366342218033457,1
1653,0.7459911769126206,0.9373560488975473,1
1654,0.5143687441313228,0.9374159011063438,1
1655,0.6176183964958085,0.9378002149517632,1
1656,0.7331476177280007,0.9378371939931466,1
1657,0.7019144381214377,0.9378834864656083,1
1658,0.8551767033299289,0.937971367810658,1
1659,0.5818858623823822,0.938191216785198,1
1660,0.6073091294738266,0.9384351229102409,1
1661,0.6163577397132491,0.9384449509625653,1
1662,0.6844047945946464,0.9385068332746281,1
1663,0.5367652189774936,0.9385262964449862,1
1664,0.6811958137894727,0.9386395621256112,1
1665,0.5592380032899955,0.9391203483756688,1
1666,0.6839318174056104,0.9392502556416266,1
1667,0.6289606593409427,0.9398825350345203,1
1668,0.4714577458876268,0.9399804646724284,1
1669,0.7826561929202102,0.9402061959437432,1
1670,0.8567319213635971,0.9404853017644488,1
1671,0.7959960284459944,0.940489455391935,1
1672,0.6143969020797013,0.940898384767756,1
1673,0.4740537373996977,0.9417264533662649,1
1674,0.8348166382261429,0.9419424245800236,1
1675,0.8676059981113698,0.9426344522048732,1
1676,0.7135376436182923,0.9428338635588376,1
1677,0.6020069176289884,0.9429559975265708,1
1678,0.7846086427881159,0.9430259543001871,1
1679,0.46646664665132564,0.943485294600793,1
1680,0.8994526586662376,0.943629079074074,1
1681,0.6406844233661408,0.9437932543200706,1
1682,0.7495995100879178,0.9438593542213474,1
1683,0.67582872513452,0.9439297711181879,1
1684,0.772526054997502,0.9439966690779771,1
1685,0.7019144381214377,0.9442118247804,1
1686,0.8309653698011417,0.9442443230759668,1
1687,0.7270564827219227,0.9446281294850951,1
1688,0.7346458279525037,0.9449944233665009,1
1689,0.6106176911420659,0.9461154735972439,1
1690,0.6733525057517513,0.9461430071688869,1
1691,0.882584914707173,0.9463261744638932,1
1692,0.6371022502811687,0.9464104321135615,1
1693,0.5146725166744905,0.946492046409561,1
1694,0.7181971825611448,0.9468227753612494,1
1695,0.575296935717761,0.9468997786839255,1
1696,0.9068937781156509,0.946994217937051,1
1697,0.5071189463038006,0.9476296295592089,1
1698,0.5862387297459074,0.9476402474967309,1
1699,0.6310029816506514,0.9477836821212191,1
1700,0.66587036293902,0.9478543960458943,1
1701,0.7626679479611248,0.9480790505495227,1
1702,0.81870036290202,0.9482275185212722,1
1703,0.5065219691395111,0.9483021338435317,1
1704,0.8525558618785315,0.948530743237352,1
1705,0.906484901089357,0.9486002972116523,1
1706,0.5623375690761775,0.9488423541240951,1
1707,0.6744163241615354,0.9489454481393969,1
1708,0.49722555769899934,0.9490185432624192,1
1709,0.8349035966327101,0.9490282044395074,1
1710,0.6707529301883596,0.9491932285987966,1
1711,0.7308488175226273,0.9492687318534401,1
1712,0.772526054997502,0.9495169607931034,1
1713,0.6813571898939406,0.9499873230315247,1
1714,0.8128093390059937,0.9501891389474285,1
1715,0.5726748175000366,0.9506939152484156,1
1716,0.6548284753812614,0.9507654227194563,1
1717,0.7577466383612842,0.950877240695474,1
1718,0.5337089012663796,0.9512220803867802,1
1719,0.4617554565586748,0.9512668693887381,1
1720,0.5290610830984266,0.9514628089445065,1
1721,0.7434185084674481,0.9519209930999246,1
1722,0.3098785461000573,0.9519597196301173,1
1723,0.6356047847435262,0.9520918094529401,1
1724,0.7564310002530964,0.9521599886262958,1
1725,0.4200592252749533,0.9525955846849228,1
1726,0.5448450570631872,0.9528912337103197,1
1727,0.7594270179545847,0.953124880046028,1
1728,0.5399209385869433,0.9532383199577615,1
1729,0.6415657737481035,0.9538459250503859,1
1730,0.4921101806334771,0.9540678894070027,1
1731,0.8912012075726773,0.9542445440051505,1
1732,0.6136307542748501,0.9547514568615539,1
1733,0.8020188044121376,0.9549235471416618,1
1734,0.6311416280498106,0.9549864105583618,1
1735,0.8878536980792143,0.9552777038128528,1
1736,0.5757810126627294,0.9556727971492214,1
1737,0.7634885643530652,0.955745694699414,1
1738,0.6204934413168426,0.9558273963920337,1
1739,0.7345293636180114,0.9558603614385214,1
1740,0.9032858444778384,0.9559594005514659,1
1741,0.6631800564964263,0.9559664723094541,1
1742,0.5356939603529682,0.9560150978473978,1
1743,0.6465287490863985,0.9560313420668237,1
1744,0.4939985682516286,0.9563576282662513,1
1745,0.9094588419011238,0.9566005838940479,1
1746,0.6332966048981521,0.956937141620495,1
1747,0.6842849497404218,0.956966620799992,1
1748,0.8562772417057739,0.9573072127299246,1
1749,0.639090502952376,0.9582906548146998,1
1750,0.7435381706334612,0.958341978308935,1
1751,0.6768919494874353,0.958547769535121,1
1752,0.606730603627373,0.9587458467376234,1
1753,0.6195643039104225,0.9587545115532075,1
1754,0.8289854083028326,0.9588515362882156,1
1755,0.7845384885348338,0.9590891387672522,1
1756,0.5467987371249018,0.9595037394588718,1
1757,0.8936590217449237,0.9596887014339736,1
1758,0.6805788070632137,0.9597008007013397,1
1759,0.7774851414163203,0.9597639830704638,1
1760,0.8040612518560144,0.9597956720006965,1
1761,0.6588975431114387,0.95986659141806,1
1762,0.7261661226192513,0.9600143576568272,1
1763,0.6266261682590155,0.9600194656666527,1
1764,0.81399137069986,0.9601682056658716,1
1765,0.3704225715235744,0.9602391010183758,1
1766,0.7095546518436758,0.9603744038839792,1
1767,0.6380039788200442,0.9611308977073988,1
1768,0.7149859983903991,0.9612569232331283,1
1769,0.877519624536732,0.9612812640405948,1
1770,0.728423587041002,0.9619198326757904,1
1771,0.7698802985781202,0.9622705052415559,1
1772,0.5611601159899604,0.962384083330859,1
1773,0.7410531873612991,0.9624881628876651,1
1774,0.6614138892854564,0.962511454745119,1
1775,0.8140720995269906,0.9626919711843392,1
1776,0.8208821577013622,0.9638614419053645,1
1777,0.5118180347291708,0.9640806862245348,1
1778,0.6266261682590155,0.9644159883135142,1
1779,0.907078620049038,0.9645082912510854,1
1780,0.6146848719608696,0.964644707268906,1
1781,0.6954641836914367,0.9647021231790469,1
1782,0.7795017296647309,0.964945428838783,1
1783,0.8734592543632759,0.9650375001462482,1
1784,0.6243955916927112,0.9652585212905178,1
1785,0.6798960045154885,0.9653184152412365,1
1786,0.7310340724056241,0.9654125975944028,1
1787,0.8991931274487263,0.9660472207890646,1
1788,0.5796758190993321,0.9662151107468618,1
1789,0.6142555538844957,0.9665604716496093,1
1790,0.5249444360467443,0.9667414396849277,1
1791,0.512476063248005,0.9670358783743017,1
1792,0.6086626745815715,0.9670938749825283,1
1793,0.5836787123578437,0.9671270013811305,1
1794,0.7876657144693117,0.9678647295274783,1
1795,0.7027832678343154,0.96787329360894,1
1796,0.7128598631816808,0.9680292989319522,1
1797,0.5796500481202947,0.9680694357093672,1
1798,0.8357417473929027,0.9680896999832844,1
1799,0.6660427178698912,0.9682686708756729,1
1800,0.7500414429936173,0.9683094991180422,1
1801,0.534137080277524,0.9684071855967549,1
1802,0.8581890064811158,0.9684792474896522,1
1803,0.7915381497745284,0.9685934312096602,1
1804,0.5106371655058636,0.9686377274240681,1
1805,0.6711671995287353,0.9687438471366083,1
1806,0.661857449439942,0.9687660447373979,1
1807,0.6310368937240257,0.9687696808686049,1
1808,0.8115391087666531,0.9688515841673178,1
1809,0.4939867889844498,0.9690087541572652,1
1810,0.6964475933750771,0.9690336415988169,1
1811,0.8720873998464166,0.9692493692214221,1
1812,0.5065358689013552,0.9692757397279271,1
1813,0.9058405791350352,0.9693151991591717,1
1814,0.565371797827234,0.9693992736689115,1
1815,0.6487824885134338,0.969639770662891,1
1816,0.8387996204393297,0.9698193038595398,1
1817,0.624592803948541,0.969836555083332,1
1818,0.7298146289614937,0.9699464060898432,1
1819,0.7470695958754591,0.969960811434901,1
1820,0.6121031095661325,0.9700682065583578,1
1821,0.5268164971396642,0.9702453213561129,1
1822,0.4906227316416002,0.9702678751682253,1
1823,0.8017287585402297,0.9702841642379022,1
1824,0.6737232059273277,0.9703119544806151,1
1825,0.7077909397542402,0.9703525337330111,1
1826,0.6763863526493662,0.970653709250967,1
1827,0.850409239726701,0.9707186211587612,1
1828,0.6724671322866052,0.9708640604774931,1
1829,0.9569567300370159,0.9710651824901531,1
1830,0.49430393959185415,0.9710759651945079,1
1831,0.7902541837932208,0.9711789682661691,1
1832,0.7131234132987291,0.9712022747250623,1
1833,0.7759254781854539,0.9712733516614411,1
1834,0.7055058829970656,0.9713699507312824,1
1835,0.7147924105052067,0.9716528602741648,1
1836,0.468846594100197,0.9718274371829088,1
1837,0.830451498983239,0.9719426551760235,1
1838,0.6744163241615354,0.9720106563742827,1
1839,0.9430668472615742,0.9720373123554604,1
1840,0.6233291771303598,0.972102807929336,1
1841,0.5495691934035369,0.9721621227622691,1
1842,0.5531565248380179,0.9722143262567365,1
1843,0.7711862200695468,0.9722347623618063,1
1844,0.6034736288987661,0.9722952087809428,1
1845,0.8087710534997471,0.9726457282799698,1
1846,0.5513976074469553,0.9726969970199881,1
1847,0.5579778475279255,0.9728703454943622,1
1848,0.5994140575733566,0.973113570990741,1
1849,0.6966481674685157,0.9731406597210427,1
1850,0.7699056314114834,0.9732225466101111,1
1851,0.6634798969245981,0.9732504230689574,1
1852,0.674270255255275,0.9733659320001286,1
1853,0.552002829089368,0.9734750278754134,1
1854,0.6168757152881785,0.9734887765659541,1
1855,0.6678100592115467,0.9734973048650997,1
1856,0.9518936006746255,0.973541240961287,1
1857,0.4789330136915565,0.9735639428332712,1
1858,0.6910763182078139,0.9740940497967226,1
1859,0.7584186061633134,0.9741483504659664,1
1860,0.6400190549152045,0.9742583136751017,1
1861,0.6157313764971234,0.9742691645281362,1
1862,0.6319213253046594,0.9742963605854321,1
1863,0.7010642056660513,0.9744750172407487,1
1864,0.6691239906673223,0.9744957676906224,1
1865,0.6510300514929357,0.9749349830574771,1
1866,0.5555040857007336,0.9752019812429545,1
1867,0.9328791065771935,0.9754325160246902,1
1868,0.4037935181957141,0.9754338063012282,1
1869,0.796581307803436,0.9755248425758238,1
1870,0.5686412822497058,0.9755318014091111,1
1871,0.6074972425349435,0.9759186154927812,1
1872,0.5332315907123516,0.97592575567797,1
1873,0.5841908065345526,0.976039266971928,1
1874,0.8755362162564716,0.9761363440783773,1
1875,0.5616928283806771,0.9761948793817463,1
1876,0.851403121235255,0.9762155406763192,1
1877,0.9574148890856807,0.9763505542032881,1
1878,0.8162040330400006,0.9767897050388367,1
1879,0.6430292813596373,0.9773477527493486,1
1880,0.5012765000790086,0.9777302880493245,1
1881,0.7644143953920897,0.9779448756276286,1
1882,0.6346482823169122,0.9779623022341661,1
1883,0.5332374537819936,0.9780695067367965,1
1884,0.47975398556734483,0.978076283261872,1
1885,0.6088743177225127,0.9782323567892277,1
1886,0.6048249512614994,0.9783147270580952,1
1887,0.6205118539829189,0.9784089585855513,1
1888,0.6145406252175802,0.9786599612260249,1
1889,0.5321775527730227,0.9786661537896293,1
1890,0.9047943939500234,0.9789048457450316,1
1891,0.9411010265245203,0.9789710641724978,1
1892,0.4699494994282898,0.9791745636327883,1
1893,0.7707314563274346,0.9792732325827559,1
1894,0.7185156443576954,0.9793324367335102,1
1895,0.542313340372079,0.9795986730159313,1
1896,0.6392759676843508,0.9796645653277959,1
1897,0.7235966488222036,0.9798586802033016,1
1898,0.5368689060789503,0.9798798702814071,1
1899,0.5828476334914962,0.980028381393658,1
1900,0.6132408267120647,0.9802323760879521,1
1901,0.9527784744986356,0.9802356989907869,1
1902,0.6956567212457648,0.9804086270374323,1
1903,0.6151066552232751,0.9806604190734308,1
1904,0.4521825064102769,0.9808956232199949,1
1905,0.669248108625,0.9814063262280005,1
1906,0.734031179560953,0.981458261424738,1
1907,0.5994018541231867,0.9815313302993953,1
1908,0.6126615559032008,0.9816567108677975,1
1909,0.7617194621351826,0.9820389972166559,1
1910,0.6030115262772443,0.9820646673785527,1
1911,0.5704031401504908,0.9822499232152693,1
1912,0.5987491357001646,0.9822978846554169,1
1913,0.5406515912258174,0.9823112939503528,1
1914,0.8542244623599439,0.9824961061046356,1
1915,0.74378095091582,0.9825672186184901,1
1916,0.6032055170135574,0.9826731614226217,1
1917,0.8023651370171987,0.982683593604276,1
1918,0.5006760522193949,0.9828268590305601,1
1919,0.6465287490863985,0.982848523827316,1
1920,0.7402654651849097,0.9833233345079727,1
1921,0.5934766648706215,0.9834126060094256,1
1922,0.6153540893864117,0.9838311639815747,1
1923,0.6732120739945209,0.9839513283364871,1
1924,0.8972474286379174,0.9843125873420374,1
1925,0.6123687656601395,0.98470911280068,1
1926,0.6159885689819093,0.9848981862517039,1
1927,0.6767248005000497,0.9849230128527906,1
1928,0.5320331419262977,0.9849867515748363,1
1929,0.5472251381073526,0.9850248898649142,1
1930,0.6839161285279969,0.9851065636011002,1
1931,0.9647602645369606,0.9854012965590287,1
1932,0.6181415998458251,0.9857124322942865,1
1933,0.6345373185465069,0.9857547673769032,1
1934,0.556873649573627,0.9858851225469724,1
1935,0.5513967650627233,0.9858973115479397,1
1936,0.6094602235216856,0.9860218549470157,1
1937,0.6183140037443761,0.9861253406631078,1
1938,0.6340781297094817,0.9861422136180783,1
1939,0.840459371175662,0.9861485410831603,1
1940,0.5547624260173328,0.9862175754760553,1
1941,0.7803186395721031,0.9862895468113841,1
1942,0.5145295046890971,0.9866372939690292,1
1943,0.5640433515251517,0.9870311220867634,1
1944,0.5982149756908801,0.9871429563597952,1
1945,0.5119061860950509,0.9872500425217935,1
1946,0.5914201646002991,0.9875233929453853,1
1947,0.6074740166306475,0.9875293777195736,1
1948,0.7181624052242832,0.9875986349880017,1
1949,0.6032392717289666,0.9880216632301658,1
1950,0.5919985854580491,0.9880306174803394,1
1951,0.5333670597170717,0.9881170397341487,1
1952,0.5143901013647948,0.9883152028713496,1
1953,0.5189355711161351,0.9890297794561798,1
1954,0.5962695466917115,0.9897443631023289,1
1955,0.5957837746370089,0.9899723120687428,1
1956,0.5934383414376616,0.9902178993498487,1
1957,0.5775397299258861,0.9902312249426132,1
1958,0.5817800882414261,0.9903601259960184,1
1959,0.4866412974833121,0.990431577391008,1
1960,0.5479256357266786,0.9911449408774832,1
1961,0.4848424835844273,0.9913022579400876,1
1962,0.5989693814325224,0.9915353122437004,1
1963,0.7996942276863963,0.9916140536069555,1
1964,0.5227290104521439,0.9917559389424848,1
1965,0.6375023582630251,0.9918562846167943,1
1966,0.5636286981304088,0.9920000408278747,1
1967,0.6354567258313389,0.9923770831023248,1
1968,0.5397640346067768,0.9925991185531551,1
1969,0.5648453505826688,0.992606314931616,1
1970,0.5819412765862695,0.9927005264822187,1
1971,0.5736065728373095,0.9927668475876186,1
1972,0.5311465728877252,0.9927676516877147,1
1973,0.5835516138493784,0.9930288189318408,1
1974,0.4864345951681197,0.9931781017591917,1
1975,0.6048249512614994,0.9934318521450614,1
1976,0.5590461907208408,0.993567220682872,1
1977,0.5041974000697718,0.9939731661897961,1
1978,0.5905165308019636,0.9945522027477577,1
1979,0.7650588497793955,0.9945952335803574,1
1980,0.5579987600490642,0.9946476611484453,1
1981,0.5285081415600134,0.9946527764598693,1
1982,0.5691792205974131,0.9947112030049139,1
1983,0.5847284301346024,0.994926135880529,1
1984,0.5216111779420447,0.9949353293421723,1
1985,0.5904834106157701,0.9952661470312693,1
1986,0.5332315907123516,0.9954785513794524,1
1987,0.5322803547225089,0.9959982723815399,1
1988,0.4048958543073776,0.996043132381549,1
1989,0.6361469074452306,0.9962182575440521,1
1990,0.5659812917461947,0.9962367832483567,1
1991,0.6153505175684829,0.9963365314600172,1
1992,0.7772129425341298,0.9963558125097506,1
1993,0.5321958131642478,0.9966158739038993,1
1994,0.5713157938043048,0.9967492336282014,1
1995,0.45527581426433006,0.9977396101858872,1
1996,0.48223399565701974,0.9979843291209173,1
1997,0.5989364436877571,0.9981573901551467,1
1998,0.5637206682558457,0.9984669374472916,1
1999,0.5390763382621873,0.9986177416343124,1
2000,0.572738915635935,0.9989510278654744,1
2001,0.5101764535343998,0.9989727058325616,1
2002,0.5118180347291708,0.9990183208896464,1
2003,0.5458590091055754,0.9996514668506769,1
2004,3.4923099418437964e-05,inf,0
2005,0.5001612766194197,inf,1
2006,0.5168167629076403,inf,1
